      0.00000
      0.00000
      0.00000
      0.00000
      0.00000
      0.00000
      0.00000
      0.00000
      0.00000
      0.00000
      0.00000
      0.00000
      0.00000
      0.00000
      1.00000
      1.00000
      1.00000
      1.00000
      1.00000
      1.00000
      1.00000
      1.00000
      1.00000
      1.00000
      1.00000
      1.00000
      1.00000
      1.00000
      1.00000
      1.00000
      1.00000
      1.00000
      1.00000
      1.00000
      1.00000
      1.00000
      1.00000
     0.970000
     0.950000
     0.910000
     0.880000
     0.860000
     0.850000
     0.820000
     0.800000
     0.780000
     0.770000
     0.760000
     0.740000
     0.640000
     0.560000
     0.670000
     0.770000
     0.710000
     0.250000
     0.570000
     0.520000
     0.530000
     0.420000
     0.740000
     0.670000
     0.610000
     0.450000
     0.450000
     0.450000
     0.490000
     0.490000
     0.560000
     0.590000
     0.640000
     0.630000
     0.610000
     0.600000
     0.350000
     0.340000
     0.430000
     0.380000
     0.440000
     0.460000
     0.490000
     0.540000
     0.610000
     0.510000
     0.310000
     0.360000
     0.390000
     0.400000
     0.410000
     0.430000
     0.350000
     0.380000
     0.440000
     0.460000
     0.400000
     0.400000
     0.390000
     0.390000
     0.380000
     0.380000
     0.390000
     0.370000
     0.360000
     0.370000
     0.380000
     0.400000
     0.400000
     0.400000
     0.360000
     0.350000
     0.340000
     0.350000
     0.360000
     0.360000
     0.350000
     0.360000
     0.380000
     0.360000
     0.330000
     0.340000
     0.340000
     0.330000
     0.330000
     0.340000
     0.340000
     0.340000
     0.340000
     0.330000
     0.320000
     0.320000
     0.320000
     0.320000
     0.330000
     0.330000
     0.330000
     0.320000
     0.320000
     0.320000
     0.320000
     0.310000
     0.310000
     0.310000
     0.320000
     0.320000
     0.320000
     0.310000
     0.310000
     0.310000
     0.310000
     0.310000
     0.310000
     0.310000
     0.310000
     0.300000
     0.300000
     0.300000
     0.300000
     0.300000
     0.300000
     0.300000
     0.300000
     0.300000
     0.300000
     0.300000
     0.300000
     0.290000
     0.280000
     0.290000
     0.290000
     0.290000
     0.290000
     0.290000
     0.290000
     0.290000
     0.290000
     0.290000
     0.280000
     0.280000
     0.280000
     0.280000
     0.280000
     0.280000
     0.280000
     0.280000
     0.280000
     0.280000
     0.280000
     0.270000
     0.270000
     0.270000
     0.270000
     0.270000
     0.270000
     0.270000
     0.270000
     0.270000
     0.270000
     0.270000
     0.270000
     0.270000
     0.270000
     0.270000
     0.270000
     0.270000
     0.270000
     0.270000
     0.270000
     0.260000
     0.260000
     0.260000
     0.260000
     0.260000
     0.260000
     0.260000
     0.260000
     0.260000
     0.260000
     0.260000
     0.260000
     0.260000
     0.260000
     0.260000
     0.260000
     0.260000
     0.260000
     0.260000
     0.260000
     0.260000
     0.250000
     0.250000
     0.250000
     0.250000
     0.250000
     0.250000
     0.250000
     0.250000
     0.250000
     0.250000
     0.250000
     0.250000
     0.250000
     0.250000
     0.250000
     0.250000
     0.250000
     0.250000
     0.250000
     0.250000
     0.250000
     0.250000
     0.250000
     0.250000
     0.250000
     0.250000
     0.240000
     0.240000
     0.240000
     0.240000
     0.240000
     0.240000
     0.240000
     0.240000
     0.240000
     0.240000
     0.240000
     0.240000
     0.240000
     0.240000
     0.240000
     0.240000
     0.240000
     0.240000
     0.240000
     0.240000
     0.240000
     0.240000
     0.240000
     0.240000
     0.240000
     0.240000
     0.240000
     0.240000
     0.240000
     0.240000
     0.240000
     0.240000
     0.240000
     0.230000
     0.230000
     0.230000
     0.230000
     0.230000
     0.230000
     0.230000
     0.230000
     0.230000
     0.230000
     0.230000
     0.230000
     0.230000
     0.230000
     0.230000
     0.230000
     0.230000
     0.230000
     0.230000
     0.230000
     0.230000
     0.230000
     0.230000
     0.230000
     0.230000
     0.230000
     0.230000
     0.230000
     0.230000
     0.230000
     0.230000
     0.230000
     0.230000
     0.230000
     0.230000
     0.230000
     0.230000
     0.230000
     0.230000
     0.230000
     0.230000
     0.230000
     0.230000
     0.230000
     0.230000
     0.230000
     0.220000
     0.220000
     0.220000
     0.220000
     0.220000
     0.220000
     0.220000
     0.220000
     0.220000
     0.220000
     0.220000
     0.220000
     0.220000
     0.220000
     0.220000
     0.220000
     0.220000
     0.220000
     0.220000
     0.220000
     0.220000
     0.220000
     0.220000
     0.220000
     0.220000
     0.220000
     0.220000
     0.220000
     0.220000
     0.220000
     0.220000
     0.220000
     0.220000
     0.220000
     0.220000
     0.220000
     0.220000
     0.220000
     0.220000
     0.220000
     0.220000
     0.220000
     0.220000
     0.220000
     0.220000
     0.220000
     0.220000
     0.220000
     0.220000
     0.220000
     0.220000
     0.220000
     0.220000
     0.220000
     0.220000
     0.220000
     0.210000
     0.220000
     0.210000
     0.210000
     0.210000
     0.210000
     0.210000
     0.210000
     0.210000
     0.210000
     0.220000
     0.220000
     0.210000
      4.00000
      5.00000
      6.00000
      7.00000
      8.00000
      9.00000
      10.0000
      11.0000
      12.0000
      13.0000
      14.0000
      15.0000
      16.0000
      17.0000
      17.7500
      18.2500
      18.5000
      18.7500
      19.0000
      19.2500
      19.5000
      19.7500
      20.0000
      20.2500
      20.2500
      20.5000
      20.7500
      21.0000
      21.2500
      21.2500
      21.5000
      21.7500
      21.7500
      22.0000
      22.2500
      22.5000
      22.5000
      22.7500
      23.0000
      23.0000
      23.2500
      23.5000
      23.7500
      23.7500
      24.0000
      24.2500
      24.2500
      24.5000
      24.7500
      24.7500
      25.0000
      25.2500
      25.2500
      25.5000
      25.5000
      25.7500
      26.0000
      26.2500
      26.5000
      26.2500
      26.5000
      27.0000
      27.2500
      27.5000
      28.0000
      28.2500
      27.0000
      27.2500
      27.7500
      27.7500
      28.2500
      29.0000
      29.5000
      28.5000
      29.0000
      29.0000
      29.0000
      29.0000
      29.5000
      30.0000
      30.2500
      30.2500
      30.2500
      30.5000
      30.5000
      30.7500
      31.0000
      31.2500
      31.5000
      31.5000
      31.7500
      31.7500
      32.0000
      32.0000
      32.2500
      32.5000
      32.7500
      33.0000
      33.0000
      33.0000
      33.2500
      33.5000
      33.7500
      34.0000
      34.0000
      34.2500
      34.5000
      34.5000
      34.5000
      34.7500
      35.0000
      35.2500
      35.5000
      35.5000
      35.7500
      36.0000
      36.0000
      36.2500
      36.2500
      36.5000
      36.7500
      37.0000
      37.0000
      37.2500
      37.5000
      37.5000
      37.7500
      38.0000
      38.0000
      38.2500
      38.5000
      38.5000
      38.7500
      39.0000
      39.0000
      39.2500
      39.5000
      39.7500
      39.7500
      40.0000
      40.2500
      40.2500
      40.5000
      40.5000
      40.7500
      41.0000
      41.2500
      41.2500
      41.5000
      41.7500
      41.7500
      42.0000
      42.0000
      42.2500
      42.5000
      42.5000
      42.7500
      43.0000
      43.2500
      43.2500
      43.5000
      43.7500
      43.7500
      44.0000
      44.0000
      44.2500
      44.5000
      44.7500
      44.7500
      45.0000
      45.2500
      45.2500
      45.5000
      45.7500
      45.7500
      46.0000
      46.2500
      46.2500
      46.5000
      46.7500
      46.7500
      47.0000
      47.2500
      47.2500
      47.5000
      47.7500
      47.7500
      48.0000
      48.2500
      48.2500
      48.5000
      48.7500
      48.7500
      49.0000
      49.2500
      49.2500
      49.5000
      49.7500
      49.7500
      50.0000
      50.2500
      50.2500
      50.5000
      50.7500
      50.7500
      51.0000
      51.2500
      51.5000
      51.5000
      51.7500
      52.0000
      52.0000
      52.2500
      52.5000
      52.5000
      52.7500
      53.0000
      53.0000
      53.2500
      53.5000
      53.5000
      53.7500
      54.0000
      54.0000
      54.2500
      54.5000
      54.5000
      54.7500
      55.0000
      55.0000
      55.2500
      55.5000
      55.5000
      55.7500
      56.0000
      56.0000
      56.2500
      56.5000
      56.5000
      56.7500
      57.0000
      57.0000
      57.2500
      57.5000
      57.5000
      57.7500
      58.0000
      58.0000
      58.2500
      58.5000
      58.5000
      58.7500
      59.0000
      59.0000
      59.2500
      59.5000
      59.5000
      59.7500
      60.0000
      60.0000
      60.2500
      60.5000
      60.7500
      60.7500
      61.0000
      61.0000
      61.2500
      61.5000
      61.7500
      61.7500
      62.0000
      62.2500
      62.2500
      62.5000
      62.7500
      62.7500
      63.0000
      63.2500
      63.2500
      63.5000
      63.7500
      63.7500
      64.0000
      64.2500
      64.2500
      64.5000
      64.7500
      64.7500
      65.0000
      65.2500
      65.2500
      65.5000
      65.7500
      65.7500
      66.0000
      66.2500
      66.2500
      66.5000
      66.7500
      66.7500
      67.0000
      67.2500
      67.2500
      67.5000
      67.7500
      67.7500
      68.0000
      68.2500
      68.2500
      68.5000
      68.7500
      68.7500
      69.0000
      69.2500
      69.2500
      69.5000
      69.7500
      69.7500
      70.0000
      70.2500
      70.2500
      70.5000
      70.7500
      70.7500
      71.0000
      71.2500
      71.5000
      71.5000
      71.7500
      72.0000
      72.0000
      72.2500
      72.5000
      72.5000
      72.7500
      73.0000
      73.0000
      73.2500
      73.5000
      73.5000
      73.7500
      74.0000
      74.0000
      74.2500
      74.5000
      74.5000
      74.7500
      75.0000
      75.0000
      75.2500
      75.5000
      75.5000
      75.7500
      76.0000
      76.0000
      76.2500
      76.5000
      76.5000
      76.7500
      77.0000
      77.0000
      77.2500
      77.5000
      77.5000
      77.7500
      78.0000
      78.0000
      78.2500
      78.5000
      78.5000
      78.7500
      79.0000
      79.0000
      79.2500
      79.5000
      79.5000
      79.7500
      80.0000
      80.0000
      80.2500
      80.5000
      80.7500
      81.0000
      81.2500
      81.5000
      81.7500
      82.0000
      82.2500
      82.2500
      82.5000
      82.7500
      83.0000
      83.2500
      83.5000
      83.7500
      84.0000
      84.2500
      84.2500
      84.5000
      84.7500
      85.0000
    -4.238573E-07
    -5.689095E-08
    -1.102751E-08
    -2.755502E-09
    -8.299070E-10
    -2.888619E-10
    -1.131758E-10
    -4.918662E-11
    -2.359874E-11
    -1.254239E-11
    -7.442467E-12
    -4.954915E-12
    -3.681539E-12
    -3.001611E-12
    -2.607990E-12
    -2.316288E-12
    -2.078213E-12
    -1.877910E-12
    -1.706142E-12
    -1.556445E-12
    -1.424692E-12
    -1.307650E-12
    -1.202921E-12
    -1.108734E-12
    -1.023675E-12
    -9.460243E-13
    -8.755010E-13
    -8.113164E-13
    -7.527540E-13
    -6.988477E-13
    -6.494445E-13
    -6.041569E-13
    -5.625507E-13
    -5.239959E-13
    -4.885773E-13
    -4.560218E-13
    -4.259280E-13
    -3.979997E-13
    -3.721485E-13
    -3.482294E-13
    -3.259754E-13
    -3.054144E-13
    -2.863714E-13
    -2.685048E-13
    -2.518939E-13
    -2.364961E-13
    -2.221070E-13
    -2.087164E-13
    -1.962445E-13
    -1.845980E-13
    -1.737988E-13
    -1.635138E-13
    -1.540439E-13
    -1.449694E-13
    -1.379096E-13
    -1.288054E-13
    -1.216376E-13
    -1.150402E-13
    -1.088349E-13
    -1.029304E-13
    -9.675234E-14
    -9.141516E-14
    -8.693665E-14
    -8.267893E-14
    -7.908413E-14
    -7.593193E-14
    -7.174148E-14
    -6.728551E-14
    -6.328177E-14
    -5.969541E-14
    -5.632378E-14
    -5.357727E-14
    -5.141327E-14
    -4.898629E-14
    -4.649069E-14
    -4.422618E-14
    -4.179814E-14
    -3.943411E-14
    -3.727810E-14
    -3.540466E-14
    -3.374494E-14
    -3.216709E-14
    -3.059454E-14
    -2.912242E-14
    -2.768842E-14
    -2.625752E-14
    -2.495643E-14
    -2.377047E-14
    -2.267332E-14
    -2.163151E-14
    -2.062353E-14
    -1.964250E-14
    -1.870958E-14
    -1.780020E-14
    -1.696483E-14
    -1.620141E-14
    -1.548840E-14
    -1.481759E-14
    -1.417164E-14
    -1.352774E-14
    -1.290517E-14
    -1.231118E-14
    -1.175500E-14
    -1.123737E-14
    -1.074676E-14
    -1.028813E-14
    -9.860214E-15
    -9.445369E-15
    -9.033564E-15
    -8.641116E-15
    -8.268139E-15
    -7.914203E-15
    -7.580180E-15
    -7.261499E-15
    -6.958122E-15
    -6.671381E-15
    -6.399346E-15
    -6.135276E-15
    -5.883021E-15
    -5.641329E-15
    -5.411235E-15
    -5.192952E-15
    -4.983617E-15
    -4.783526E-15
    -4.592716E-15
    -4.409880E-15
    -4.235576E-15
    -4.069707E-15
    -3.910793E-15
    -3.758776E-15
    -3.614645E-15
    -3.476118E-15
    -3.341397E-15
    -3.212573E-15
    -3.089547E-15
    -2.971920E-15
    -2.859804E-15
    -2.753036E-15
    -2.650703E-15
    -2.553167E-15
    -2.460370E-15
    -2.370559E-15
    -2.282579E-15
    -2.197371E-15
    -2.116195E-15
    -2.038896E-15
    -1.965160E-15
    -1.894436E-15
    -1.826824E-15
    -1.762189E-15
    -1.700406E-15
    -1.641127E-15
    -1.583587E-15
    -1.526983E-15
    -1.472565E-15
    -1.420512E-15
    -1.370753E-15
    -1.323173E-15
    -1.277589E-15
    -1.233735E-15
    -1.191656E-15
    -1.151329E-15
    -1.112544E-15
    -1.075037E-15
    -1.038532E-15
    -1.003154E-15
    -9.692580E-16
    -9.367793E-16
    -9.054916E-16
    -8.754302E-16
    -8.465668E-16
    -8.187685E-16
    -7.919988E-16
    -7.662490E-16
    -7.413634E-16
    -7.172871E-16
    -6.940532E-16
    -6.715996E-16
    -6.499749E-16
    -6.291702E-16
    -6.090987E-16
    -5.897372E-16
    -5.711109E-16
    -5.531542E-16
    -5.357786E-16
    -5.190420E-16
    -5.028844E-16
    -4.872376E-16
    -4.721446E-16
    -4.575542E-16
    -4.434554E-16
    -4.298612E-16
    -4.167385E-16
    -4.040304E-16
    -3.917728E-16
    -3.799491E-16
    -3.684924E-16
    -3.574347E-16
    -3.467569E-16
    -3.363984E-16
    -3.263994E-16
    -3.167464E-16
    -3.073787E-16
    -2.983312E-16
    -2.895821E-16
    -2.810953E-16
    -2.728987E-16
    -2.649823E-16
    -2.573007E-16
    -2.498681E-16
    -2.426857E-16
    -2.357165E-16
    -2.289792E-16
    -2.224640E-16
    -2.161378E-16
    -2.100145E-16
    -2.040931E-16
    -1.983452E-16
    -1.927769E-16
    -1.873870E-16
    -1.821547E-16
    -1.770902E-16
    -1.721911E-16
    -1.674327E-16
    -1.628145E-16
    -1.583463E-16
    -1.540117E-16
    -1.498095E-16
    -1.457393E-16
    -1.417832E-16
    -1.379438E-16
    -1.342260E-16
    -1.306183E-16
    -1.271149E-16
    -1.237184E-16
    -1.204202E-16
    -1.172189E-16
    -1.141177E-16
    -1.111061E-16
    -1.081758E-16
    -1.053361E-16
    -1.025806E-16
    -9.990298E-17
    -9.730562E-17
    -9.477807E-17
    -9.232128E-17
    -8.993923E-17
    -8.762780E-17
    -8.537756E-17
    -8.319294E-17
    -8.107087E-17
    -7.900666E-17
    -7.700427E-17
    -7.505936E-17
    -7.316307E-17
    -7.132229E-17
    -6.953572E-17
    -6.779539E-17
    -6.610561E-17
    -6.446107E-17
    -6.285858E-17
    -6.130300E-17
    -5.979282E-17
    -5.832032E-17
    -5.688871E-17
    -5.549754E-17
    -5.414094E-17
    -5.282359E-17
    -5.154348E-17
    -5.029439E-17
    -4.907964E-17
    -4.789900E-17
    -4.674784E-17
    -4.562849E-17
    -4.453978E-17
    -4.347751E-17
    -4.244411E-17
    -4.143936E-17
    -4.045938E-17
    -3.950511E-17
    -3.857737E-17
    -3.767246E-17
    -3.679101E-17
    -3.593321E-17
    -3.509608E-17
    -3.428113E-17
    -3.348821E-17
    -3.271489E-17
    -3.196090E-17
    -3.122681E-17
    -3.051086E-17
    -2.981327E-17
    -2.913441E-17
    -2.847235E-17
    -2.782583E-17
    -2.719635E-17
    -2.658268E-17
    -2.598427E-17
    -2.540156E-17
    -2.483229E-17
    -2.427666E-17
    -2.373542E-17
    -2.320774E-17
    -2.269268E-17
    -2.219075E-17
    -2.170098E-17
    -2.122259E-17
    -2.075651E-17
    -2.030222E-17
    -1.985821E-17
    -1.942547E-17
    -1.900334E-17
    -1.859052E-17
    -1.818825E-17
    -1.779575E-17
    -1.741211E-17
    -1.703813E-17
    -1.667324E-17
    -1.631618E-17
    -1.596784E-17
    -1.562812E-17
    -1.529589E-17
    -1.497194E-17
    -1.465580E-17
    -1.434622E-17
    -1.404423E-17
    -1.374973E-17
    -1.346165E-17
    -1.318053E-17
    -1.290605E-17
    -1.263727E-17
    -1.237503E-17
    -1.211923E-17
    -1.186889E-17
    -1.162425E-17
    -1.138545E-17
    -1.115179E-17
    -1.092362E-17
    -1.070081E-17
    -1.048256E-17
    -1.026932E-17
    -1.006116E-17
    -9.857493E-18
    -9.658387E-18
    -9.463879E-18
    -9.273464E-18
    -9.087412E-18
    -8.905749E-18
    -8.728003E-18
    -8.553981E-18
    -8.383978E-18
    -8.217695E-18
    -8.055093E-18
    -7.896227E-18
    -7.740550E-18
    -7.588246E-18
    -7.439470E-18
    -7.293955E-18
    -7.151435E-18
    -7.012042E-18
    -6.875567E-18
    -6.742024E-18
    -6.611543E-18
    -6.483871E-18
    -6.358711E-18
    -6.236357E-18
    -6.116675E-18
    -5.999430E-18
    -5.884841E-18
    -5.772623E-18
    -5.662628E-18
    -5.555104E-18
    -5.449957E-18
    -5.346869E-18
    -5.245995E-18
    -5.147088E-18
    -5.050254E-18
    -4.955591E-18
    -4.862975E-18
    -4.772059E-18
    -4.683080E-18
    -4.596046E-18
    -4.510915E-18
    -4.427669E-18
    -4.346173E-18
    -4.266385E-18
    -4.188250E-18
    -4.111668E-18
    -4.035372E-18
    -3.962027E-18
    -3.890237E-18
    -3.819944E-18
    -3.751145E-18
    -3.683804E-18
    -3.617876E-18
    -3.553330E-18
    -3.490199E-18
    -3.425594E-18
    -3.364513E-18
    -3.304913E-18
    -3.246542E-18
