0.99 1.3553446535917588
0.99005 1.3565401862382807
0.9901 1.3577416690099866
0.99015 1.3589508706200708
0.9902 1.360176936211436
0.99025 1.361409225004107
0.9903 1.3626478461885239
0.99035 1.3638926702199068
0.9904 1.3651437593679379
0.9904499999999999 1.3664011767501438
0.9904999999999999 1.3676649865484676
0.9905499999999999 1.3689352539008204
0.9905999999999999 1.3702120449531299
0.9906499999999999 1.3714954268805064
0.9906999999999999 1.3727854679089415
0.9907499999999999 1.3740822373376078
0.9907999999999999 1.3753858055617465
0.9908499999999999 1.376696244182465
0.9908999999999999 1.378013625855613
0.9909499999999999 1.379338024340473
0.9909999999999999 1.3806695146593742
0.9910499999999999 1.3820081730549916
0.9910999999999999 1.3833540770173123
0.9911499999999999 1.384707305311325
0.9911999999999999 1.3860679380055112
0.9912499999999999 1.3874360565011532
0.9912999999999998 1.3888117435624479
0.9913499999999998 1.3901950833475347
0.9913999999999998 1.3915868590000016
0.9914499999999998 1.3929866056445794
0.9914999999999998 1.394394290312785
0.9915499999999998 1.395810003686259
0.9915999999999998 1.39723383797684
0.9916499999999998 1.3986658870111623
0.9916999999999998 1.4001062462691007
0.9917499999999998 1.4015577186860135
0.9917999999999998 1.403018443607652
0.9918499999999998 1.4044877697862008
0.9918999999999998 1.4059663952857544
0.9919499999999998 1.407455103902627
0.9919999999999998 1.4089528119101733
0.9920499999999998 1.410459624266011
0.9920999999999998 1.4119757341723498
0.9921499999999998 1.4135043663105828
0.9921999999999997 1.4150423956119174
0.9922499999999997 1.4168699590917644
0.9922999999999997 1.4187834445351433
0.9923499999999997 1.4207097686599075
0.9923999999999997 1.422649099968381
0.9924499999999997 1.4246016102371826
0.9924999999999997 1.4265674746936918
0.9925499999999997 1.4285468721100936
0.9925999999999997 1.430539984900737
0.9926499999999997 1.4325511022846402
0.9926999999999997 1.4345768857283514
0.9927499999999997 1.4366171692513565
0.9927999999999997 1.4386721548724455
0.9928499999999997 1.4407420488886784
0.9928999999999997 1.4428270619983248
0.9929499999999997 1.4449274094283806
0.9929999999999997 1.4470440872270773
0.9930499999999997 1.4491767542819334
0.9930999999999996 1.4513254695914635
0.9931499999999996 1.4534904691222434
0.9931999999999996 1.455671994076583
0.9932499999999996 1.4578702911269539
0.9932999999999996 1.46008561255403
0.9933499999999996 1.462322928850452
0.9933999999999996 1.4645789069516677
0.9934499999999996 1.4668527432448037
0.9934999999999996 1.4691450767509624
0.9935499999999996 1.471457453975504
0.9935999999999996 1.4737885325944728
0.9936499999999996 1.4761386092662763
0.9936999999999996 1.4785079883357986
0.9937499999999996 1.4808969814324813
0.9937999999999996 1.4833059078734505
0.9938499999999996 1.4857350949218346
0.9938999999999996 1.4881848780562519
0.9939499999999996 1.4906558527576106
0.9939999999999996 1.4931483063740956
0.9940499999999995 1.4956624394416107
0.9940999999999995 1.4982015811912952
0.9941499999999995 1.5007639832274273
0.9941999999999995 1.5033497022288063
0.9942499999999995 1.5059593644076779
0.9942999999999995 1.508592861534859
0.9943499999999995 1.511250625166102
0.9943999999999995 1.51393325762445
0.9944499999999995 1.5166411874785894
0.9944999999999995 1.5193747490653318
0.9945499999999995 1.5221344294916395
0.9945999999999995 1.524920724560726
0.9946499999999995 1.5277341414032355
0.9946999999999995 1.5307192332138826
0.9947499999999995 1.5341923525996979
0.9947999999999995 1.5377020072980867
0.9948499999999995 1.5412497937096479
0.9948999999999995 1.5448359189503271
0.9949499999999994 1.5484609195265668
0.9949999999999994 1.5521256268774157
0.9950499999999994 1.5558309008850495
0.9950999999999994 1.55957762943997
0.9951499999999994 1.5633672365563935
0.9951999999999994 1.5672007299859538
0.9952499999999994 1.5710785956299576
0.9952999999999994 1.5750018528327479
0.9953499999999994 1.5789715550078514
0.9953999999999994 1.582988794686673
0.9954499999999994 1.5870547032064661
0.9954999999999994 1.591171461352145
0.9955499999999994 1.5953408883745075
0.9955999999999994 1.5995644109250202
0.9956499999999994 1.6038468889611084
0.9956999999999994 1.6081851224039339
0.9957499999999994 1.6125799063767592
0.9957999999999994 1.6170327144131997
0.9958499999999993 1.6215450799649513
0.9958999999999993 1.6261192991474482
0.9959499999999993 1.6307575851836273
0.9959999999999993 1.635460575157149
0.9960499999999993 1.640236013845767
0.9960999999999993 1.645086275442634
0.9961499999999993 1.6500128953467021
0.9961999999999993 1.6550244005008907
0.9962499999999993 1.6607910160268813
0.9962999999999993 1.6669848870118025
0.9963499999999993 1.6732806207045539
0.9963999999999993 1.6796815322099972
0.9964499999999993 1.6861911002612717
0.9964999999999993 1.6928139953076276
0.9965499999999993 1.6995532583428505
0.9965999999999993 1.7064128600477058
0.9966499999999993 1.71339707668582
0.9966999999999993 1.7205104115257854
0.9967499999999992 1.7277576242125494
0.9967999999999992 1.735143745017151
0.9968499999999992 1.7426740879182403
0.9968999999999992 1.7503642191258266
0.9969499999999992 1.7582432502371326
0.9969999999999992 1.766299605221739
0.9970499999999992 1.774548938402964
0.9970999999999992 1.782982610481266
0.9971499999999992 1.7916070837227855
0.9971999999999992 1.8010135572867885
0.9972499999999992 1.8118573590609768
0.9972999999999992 1.8229781538859577
0.9973499999999992 1.8343907046475514
0.9973999999999992 1.846109382596663
0.9974499999999992 1.8581502951048416
0.9974999999999992 1.8705497759737586
0.9975499999999992 1.883314539361804
0.9975999999999992 1.896458405406429
0.9976499999999991 1.9100043960377802
0.9976999999999991 1.9239767088126523
0.9977499999999991 1.93840197858919
0.9977999999999991 1.9533096642572552
0.9978499999999991 1.9714032015893255
0.9978999999999991 1.9904786186400858
0.9979499999999991 2.0103075172127216
0.9979999999999991 2.030948423949637
0.9980499999999991 2.052467194463132
