      0.00000
      0.00000
      0.00000
      0.00000
      0.00000
      0.00000
      0.00000
      0.00000
      0.00000
      0.00000
      0.00000
      0.00000
      0.00000
      0.00000
      1.00000
      1.00000
      1.00000
      1.00000
      1.00000
      1.00000
      1.00000
     0.950000
     0.850000
     0.780000
     0.710000
     0.660000
     0.620000
     0.590000
     0.560000
     0.530000
     0.510000
     0.490000
     0.470000
     0.460000
     0.450000
     0.430000
     0.420000
     0.410000
     0.400000
     0.390000
     0.380000
     0.370000
     0.370000
     0.360000
     0.350000
     0.350000
     0.330000
     0.330000
     0.320000
     0.320000
     0.320000
     0.320000
     0.310000
     0.310000
     0.310000
     0.300000
     0.300000
     0.300000
     0.290000
     0.290000
     0.290000
     0.280000
     0.280000
     0.280000
     0.280000
     0.280000
     0.270000
     0.270000
     0.270000
     0.270000
     0.270000
     0.260000
     0.260000
     0.260000
     0.260000
     0.260000
     0.260000
     0.250000
     0.250000
     0.250000
     0.250000
     0.250000
     0.250000
     0.250000
     0.250000
     0.250000
     0.240000
     0.240000
     0.240000
     0.240000
     0.240000
     0.240000
     0.240000
     0.240000
     0.240000
     0.230000
     0.230000
     0.230000
     0.230000
     0.230000
     0.230000
     0.230000
     0.230000
     0.230000
     0.230000
     0.230000
     0.230000
     0.230000
     0.230000
     0.220000
     0.220000
     0.220000
     0.220000
     0.220000
     0.220000
     0.220000
     0.220000
     0.220000
     0.220000
     0.220000
     0.220000
     0.220000
     0.220000
     0.220000
     0.220000
     0.220000
     0.220000
     0.220000
     0.220000
     0.210000
     0.210000
     0.210000
     0.210000
     0.210000
     0.210000
     0.210000
     0.210000
     0.210000
     0.210000
     0.210000
     0.210000
     0.210000
     0.210000
     0.210000
     0.210000
     0.210000
     0.210000
     0.210000
     0.210000
     0.210000
     0.210000
     0.210000
     0.210000
     0.210000
     0.210000
     0.210000
     0.210000
     0.200000
     0.200000
     0.200000
     0.200000
     0.200000
     0.200000
     0.200000
     0.200000
     0.200000
     0.200000
     0.200000
     0.200000
     0.200000
     0.200000
     0.200000
     0.200000
     0.200000
     0.200000
     0.200000
     0.200000
     0.200000
     0.200000
     0.200000
     0.200000
     0.200000
     0.200000
     0.200000
     0.200000
     0.200000
     0.200000
     0.200000
     0.200000
     0.200000
     0.200000
     0.200000
     0.200000
     0.200000
     0.200000
     0.200000
     0.200000
     0.200000
     0.200000
     0.200000
     0.200000
     0.200000
     0.200000
     0.200000
     0.200000
     0.200000
     0.190000
     0.190000
     0.190000
     0.190000
     0.190000
     0.190000
     0.190000
     0.190000
     0.190000
     0.190000
     0.190000
     0.190000
     0.190000
     0.190000
     0.190000
     0.190000
     0.190000
     0.190000
     0.190000
     0.190000
     0.190000
     0.190000
     0.190000
     0.190000
     0.190000
     0.190000
     0.190000
     0.190000
     0.190000
     0.190000
     0.190000
     0.190000
     0.190000
     0.190000
     0.190000
     0.190000
     0.190000
     0.190000
     0.190000
     0.190000
     0.190000
     0.190000
     0.190000
     0.190000
     0.190000
     0.190000
     0.190000
     0.190000
     0.190000
     0.190000
     0.190000
     0.190000
     0.190000
     0.190000
     0.190000
     0.190000
     0.190000
     0.190000
     0.190000
     0.190000
     0.190000
     0.190000
     0.190000
     0.190000
     0.190000
     0.190000
     0.190000
     0.190000
     0.190000
     0.190000
     0.190000
     0.190000
     0.190000
     0.190000
     0.190000
     0.190000
     0.190000
     0.190000
     0.190000
     0.190000
     0.190000
     0.190000
     0.190000
     0.190000
     0.190000
     0.190000
     0.190000
     0.190000
     0.190000
     0.190000
     0.190000
     0.190000
     0.190000
     0.190000
     0.190000
     0.190000
     0.190000
     0.190000
     0.190000
     0.180000
     0.180000
     0.180000
     0.180000
     0.180000
     0.180000
     0.180000
     0.180000
     0.180000
     0.180000
     0.180000
     0.180000
     0.180000
     0.180000
     0.180000
     0.180000
     0.180000
     0.180000
     0.180000
     0.180000
     0.180000
     0.180000
     0.180000
     0.180000
     0.180000
     0.180000
     0.180000
     0.180000
     0.180000
     0.180000
     0.180000
     0.180000
     0.180000
     0.180000
     0.180000
     0.180000
     0.180000
     0.180000
     0.180000
     0.180000
     0.180000
     0.180000
     0.180000
     0.180000
     0.180000
     0.180000
     0.180000
     0.180000
     0.180000
     0.180000
     0.180000
     0.180000
     0.180000
     0.180000
     0.180000
     0.180000
     0.180000
     0.180000
     0.180000
     0.180000
     0.180000
     0.180000
     0.180000
     0.180000
     0.180000
     0.180000
     0.180000
     0.180000
     0.180000
     0.180000
     0.180000
     0.180000
     0.180000
     0.180000
     0.180000
     0.180000
     0.180000
     0.180000
     0.180000
     0.180000
     0.180000
     0.180000
     0.180000
     0.180000
     0.180000
     0.180000
     0.180000
     0.180000
     0.180000
     0.180000
     0.180000
     0.180000
     0.180000
     0.180000
     0.180000
     0.180000
      4.00000
      5.00000
      6.00000
      7.00000
      8.00000
      9.00000
      10.0000
      11.0000
      12.0000
      13.0000
      14.0000
      15.0000
      16.0000
      17.0000
      17.7500
      18.2500
      18.7500
      19.2500
      20.0000
      20.5000
      21.0000
      21.5000
      22.0000
      22.5000
      23.0000
      23.5000
      24.0000
      24.5000
      25.0000
      25.5000
      26.0000
      26.5000
      27.0000
      27.7500
      28.2500
      28.7500
      29.2500
      29.7500
      30.2500
      30.7500
      31.2500
      31.7500
      32.2500
      32.7500
      33.2500
      33.7500
      33.2500
      34.0000
      34.7500
      35.2500
      36.0000
      36.7500
      37.2500
      38.0000
      38.5000
      39.0000
      39.5000
      40.0000
      40.5000
      41.0000
      41.5000
      42.0000
      42.5000
      43.0000
      43.7500
      44.2500
      44.7500
      45.2500
      45.7500
      46.2500
      46.7500
      47.2500
      47.7500
      48.2500
      48.7500
      49.2500
      49.7500
      50.2500
      50.7500
      51.2500
      52.0000
      52.5000
      53.0000
      53.5000
      54.0000
      54.5000
      55.0000
      55.5000
      56.0000
      56.5000
      57.0000
      57.5000
      58.0000
      58.5000
      59.0000
      59.5000
      60.2500
      60.7500
      61.2500
      61.7500
      62.2500
      62.7500
      63.2500
      63.7500
      64.2500
      64.7500
      65.2500
      65.7500
      66.2500
      66.7500
      67.2500
      67.7500
      68.5000
      69.0000
      69.5000
      70.0000
      70.5000
      71.0000
      71.5000
      72.0000
      72.5000
      73.0000
      73.5000
      74.0000
      74.5000
      75.0000
      75.5000
      76.2500
      76.7500
      77.2500
      77.7500
      78.2500
      78.7500
      79.2500
      79.7500
      80.2500
      80.7500
      81.2500
      81.7500
      82.2500
      82.7500
      83.2500
      83.7500
      84.5000
      85.0000
      85.5000
      86.0000
      86.5000
      87.0000
      87.5000
      88.0000
      88.5000
      89.0000
      89.5000
      90.0000
      90.5000
      91.0000
      91.5000
      92.0000
      92.7500
      93.2500
      93.7500
      94.2500
      94.7500
      95.2500
      95.7500
      96.2500
      96.7500
      97.2500
      97.7500
      98.2500
      98.7500
      99.2500
      99.7500
      100.250
      101.000
      101.500
      102.000
      102.500
      103.000
      103.500
      104.000
      104.500
      105.000
      105.500
      106.000
      106.500
      107.000
      107.500
      108.000
      108.500
      109.250
      109.750
      110.250
      110.750
      111.250
      111.750
      112.250
      112.750
      113.250
      113.750
      114.250
      114.750
      115.250
      115.750
      116.250
      116.750
      117.500
      118.000
      118.500
      119.000
      119.500
      120.000
      120.500
      121.000
      121.500
      122.000
      122.500
      123.000
      123.500
      124.000
      124.500
      125.250
      125.750
      126.250
      126.750
      127.250
      127.750
      128.250
      128.750
      129.250
      129.750
      130.250
      130.750
      131.250
      131.750
      132.250
      132.750
      133.500
      134.000
      134.500
      135.000
      135.500
      136.000
      136.500
      137.000
      137.500
      138.000
      138.500
      139.000
      139.500
      140.000
      140.500
      141.000
      141.750
      142.250
      142.750
      143.250
      143.750
      144.250
      144.750
      145.250
      145.750
      146.250
      146.750
      147.250
      147.750
      148.250
      148.750
      149.250
      150.000
      150.500
      151.000
      151.500
      152.000
      152.500
      153.000
      153.500
      154.000
      154.500
      155.000
      155.500
      156.000
      156.500
      157.000
      157.500
      158.250
      158.750
      159.250
      159.750
      160.250
      160.750
      161.250
      161.750
      162.250
      162.750
      163.250
      163.750
      164.250
      164.750
      165.250
      166.000
      166.500
      167.000
      167.500
      168.000
      168.500
      169.000
      169.500
      170.000
      170.500
      171.000
      171.500
      172.000
      172.500
      173.000
      173.500
      174.250
      174.750
      175.250
      175.750
      176.250
      176.750
      177.250
      177.750
      178.250
      178.750
      179.250
      179.750
      180.250
      180.750
      181.250
      181.750
      182.500
      183.000
      183.500
      184.000
      184.500
      185.000
      185.500
      186.000
      186.500
      187.000
      187.500
      188.000
      188.500
      189.000
      189.500
      190.000
      190.750
      191.250
      191.750
      192.250
      192.750
      193.250
      193.750
      194.250
      194.750
      195.250
      195.750
      196.250
      196.750
      197.250
      197.750
      198.250
      199.000
      199.500
      200.000
      200.500
      201.000
      201.500
      202.000
      202.500
      203.000
      203.500
      204.000
      204.500
      205.000
      205.500
      206.000
      206.750
      207.250
      207.750
      208.250
      208.750
      209.250
      209.750
      210.250
      210.750
      211.250
      211.750
      212.250
      212.750
      213.250
      213.750
      214.250
      215.000
      215.500
      216.000
      216.500
      217.000
    -4.238559E-07
    -5.688953E-08
    -1.102609E-08
    -2.754077E-09
    -8.284823E-10
    -2.874372E-10
    -1.117511E-10
    -4.776193E-11
    -2.217405E-11
    -1.111770E-11
    -6.017777E-12
    -3.530226E-12
    -2.256850E-12
    -1.576922E-12
    -1.192429E-12
    -9.192713E-13
    -7.143109E-13
    -5.594574E-13
    -4.409652E-13
    -3.497235E-13
    -2.791605E-13
    -2.241563E-13
    -1.809835E-13
    -1.468435E-13
    -1.197286E-13
    -9.805869E-14
    -8.066945E-14
    -6.663743E-14
    -5.527048E-14
    -4.601659E-14
    -3.845508E-14
    -3.224891E-14
    -2.713716E-14
    -2.289949E-14
    -1.938509E-14
    -1.645971E-14
    -1.401767E-14
    -1.197159E-14
    -1.025259E-14
    -8.803530E-15
    -7.578829E-15
    -6.540565E-15
    -5.658167E-15
    -4.906100E-15
    -4.263603E-15
    -3.713290E-15
    -3.398184E-15
    -2.915812E-15
    -2.519433E-15
    -2.212377E-15
    -1.927874E-15
    -1.690242E-15
    -1.492095E-15
    -1.317674E-15
    -1.166899E-15
    -1.035058E-15
    -9.195820E-16
    -8.182539E-16
    -7.291928E-16
    -6.507774E-16
    -5.816323E-16
    -5.205589E-16
    -4.665328E-16
    -4.186691E-16
    -3.761847E-16
    -3.383917E-16
    -3.047770E-16
    -2.748322E-16
    -2.481263E-16
    -2.242743E-16
    -2.029469E-16
    -1.838499E-16
    -1.667310E-16
    -1.513658E-16
    -1.375602E-16
    -1.251401E-16
    -1.139553E-16
    -1.038707E-16
    -9.476879E-17
    -8.654488E-17
    -7.910200E-17
    -7.235877E-17
    -6.624901E-17
    -6.070766E-17
    -5.567714E-17
    -5.110595E-17
    -4.694821E-17
    -4.316323E-17
    -3.971465E-17
    -3.656977E-17
    -3.369945E-17
    -3.107748E-17
    -2.868045E-17
    -2.648725E-17
    -2.447901E-17
    -2.263866E-17
    -2.094938E-17
    -1.939844E-17
    -1.797416E-17
    -1.666525E-17
    -1.546151E-17
    -1.435369E-17
    -1.333346E-17
    -1.239324E-17
    -1.152620E-17
    -1.072608E-17
    -9.987273E-18
    -9.304612E-18
    -8.673467E-18
    -8.089560E-18
    -7.549031E-18
    -7.048356E-18
    -6.583900E-18
    -6.153153E-18
    -5.753528E-18
    -5.382558E-18
    -5.038006E-18
    -4.717806E-18
    -4.420086E-18
    -4.143111E-18
    -3.885310E-18
    -3.645223E-18
    -3.421525E-18
    -3.212988E-18
    -3.018493E-18
    -2.837002E-18
    -2.667566E-18
    -2.509304E-18
    -2.361266E-18
    -2.222877E-18
    -2.093448E-18
    -1.972347E-18
    -1.858987E-18
    -1.752828E-18
    -1.653369E-18
    -1.560147E-18
    -1.472734E-18
    -1.390734E-18
    -1.313780E-18
    -1.241534E-18
    -1.173678E-18
    -1.109922E-18
    -1.049995E-18
    -9.936323E-19
    -9.405757E-19
    -8.906518E-19
    -8.436578E-19
    -7.994057E-19
    -7.577202E-19
    -7.184381E-19
    -6.814081E-19
    -6.464887E-19
    -6.135484E-19
    -5.824638E-19
    -5.531212E-19
    -5.254132E-19
    -4.992405E-19
    -4.745093E-19
    -4.511326E-19
    -4.290219E-19
    -4.080992E-19
    -3.883054E-19
    -3.695735E-19
    -3.518413E-19
    -3.350503E-19
    -3.191460E-19
    -3.040767E-19
    -2.897948E-19
    -2.762550E-19
    -2.634150E-19
    -2.512355E-19
    -2.396789E-19
    -2.287106E-19
    -2.182977E-19
    -2.084093E-19
    -1.990122E-19
    -1.900811E-19
    -1.815936E-19
    -1.735255E-19
    -1.658541E-19
    -1.585581E-19
    -1.516174E-19
    -1.450129E-19
    -1.387268E-19
    -1.327423E-19
    -1.270435E-19
    -1.216156E-19
    -1.164444E-19
    -1.115165E-19
    -1.068195E-19
    -1.023415E-19
    -9.806879E-20
    -9.399296E-20
    -9.010467E-20
    -8.639447E-20
    -8.285340E-20
    -7.947303E-20
    -7.624535E-20
    -7.316280E-20
    -7.021825E-20
    -6.740492E-20
    -6.471638E-20
    -6.214658E-20
    -5.968977E-20
    -5.734050E-20
    -5.509360E-20
    -5.294416E-20
    -5.088624E-20
    -4.891681E-20
    -4.703182E-20
    -4.522727E-20
    -4.349939E-20
    -4.184462E-20
    -4.025957E-20
    -3.874101E-20
    -3.728590E-20
    -3.589132E-20
    -3.455451E-20
    -3.327284E-20
    -3.204382E-20
    -3.086509E-20
    -2.973438E-20
    -2.864945E-20
    -2.760780E-20
    -2.660811E-20
    -2.564851E-20
    -2.472725E-20
    -2.384265E-20
    -2.299311E-20
    -2.217710E-20
    -2.139317E-20
    -2.063995E-20
    -1.991610E-20
    -1.922037E-20
    -1.855157E-20
    -1.790855E-20
    -1.729022E-20
    -1.669555E-20
    -1.612342E-20
    -1.557279E-20
    -1.504300E-20
    -1.453318E-20
    -1.404250E-20
    -1.357019E-20
    -1.311547E-20
    -1.267764E-20
    -1.225600E-20
    -1.184990E-20
    -1.145871E-20
    -1.108183E-20
    -1.071869E-20
    -1.036874E-20
    -1.003144E-20
    -9.706305E-21
    -9.392754E-21
    -9.090345E-21
    -8.798727E-21
    -8.517476E-21
    -8.246191E-21
    -7.984482E-21
    -7.731977E-21
    -7.488322E-21
    -7.253177E-21
    -7.026218E-21
    -6.807128E-21
    -6.595609E-21
    -6.391376E-21
    -6.194151E-21
    -6.003672E-21
    -5.819685E-21
    -5.641879E-21
    -5.470069E-21
    -5.304057E-21
    -5.143632E-21
    -4.988586E-21
    -4.838719E-21
    -4.693843E-21
    -4.553775E-21
    -4.418342E-21
    -4.287373E-21
    -4.160707E-21
    -4.038191E-21
    -3.919671E-21
    -3.805010E-21
    -3.694066E-21
    -3.586708E-21
    -3.482762E-21
    -3.382150E-21
    -3.284760E-21
    -3.190480E-21
    -3.099199E-21
    -3.010815E-21
    -2.925225E-21
    -2.842332E-21
    -2.762044E-21
    -2.684269E-21
    -2.608924E-21
    -2.535923E-21
    -2.465186E-21
    -2.396637E-21
    -2.330201E-21
    -2.265805E-21
    -2.203355E-21
    -2.142813E-21
    -2.084115E-21
    -2.027200E-21
    -1.972008E-21
    -1.918482E-21
    -1.866567E-21
    -1.816210E-21
    -1.767359E-21
    -1.719965E-21
    -1.673980E-21
    -1.629359E-21
    -1.586057E-21
    -1.544031E-21
    -1.503239E-21
    -1.463639E-21
    -1.425181E-21
    -1.387844E-21
    -1.351592E-21
    -1.316390E-21
    -1.282205E-21
    -1.249005E-21
    -1.216758E-21
    -1.185434E-21
    -1.155004E-21
    -1.125441E-21
    -1.096717E-21
    -1.068806E-21
    -1.041683E-21
    -1.015323E-21
    -9.897024E-22
    -9.647945E-22
    -9.405756E-22
    -9.170312E-22
    -8.941404E-22
    -8.718836E-22
    -8.502409E-22
    -8.291943E-22
    -8.087257E-22
    -7.888172E-22
    -7.694525E-22
    -7.506150E-22
    -7.322890E-22
    -7.144592E-22
    -6.971110E-22
    -6.802301E-22
    -6.638024E-22
    -6.478106E-22
    -6.322436E-22
    -6.170917E-22
    -6.023426E-22
    -5.879846E-22
    -5.740061E-22
    -5.603963E-22
    -5.471445E-22
    -5.342401E-22
    -5.216735E-22
    -5.094349E-22
    -4.975146E-22
    -4.859037E-22
    -4.745935E-22
    -4.635754E-22
    -4.528409E-22
    -4.423787E-22
    -4.321838E-22
    -4.222497E-22
    -4.125689E-22
    -4.031344E-22
    -3.939390E-22
    -3.849765E-22
    -3.762403E-22
    -3.677237E-22
    -3.594212E-22
    -3.513267E-22
    -3.434344E-22
    -3.357387E-22
    -3.282344E-22
    -3.209162E-22
    -3.137789E-22
    -3.068151E-22
    -3.000227E-22
    -2.933971E-22
    -2.869340E-22
    -2.806288E-22
    -2.744772E-22
    -2.684754E-22
    -2.626191E-22
    -2.569046E-22
    -2.513280E-22
    -2.458857E-22
    -2.405742E-22
    -2.353900E-22
    -2.303297E-22
    -2.253902E-22
    -2.205677E-22
    -2.158584E-22
    -2.112606E-22
    -2.067716E-22
    -2.023883E-22
