      0.00000
      0.00000
      0.00000
      0.00000
      0.00000
      0.00000
      0.00000
      0.00000
      0.00000
      0.00000
      0.00000
      0.00000
      0.00000
      0.00000
      1.00000
      1.00000
      1.00000
      1.00000
      1.00000
      1.00000
      1.00000
      1.00000
      1.00000
      1.00000
     0.990000
     0.930000
     0.860000
     0.800000
     0.770000
     0.720000
     0.700000
     0.660000
     0.640000
     0.610000
     0.580000
     0.570000
     0.550000
     0.530000
     0.520000
     0.500000
     0.490000
     0.480000
     0.470000
     0.460000
     0.450000
     0.440000
     0.410000
     0.400000
     0.400000
     0.390000
     0.390000
     0.390000
     0.380000
     0.380000
     0.370000
     0.370000
     0.360000
     0.370000
     0.320000
     0.280000
     0.410000
     0.380000
     0.350000
     0.290000
     0.410000
     0.340000
     0.340000
     0.380000
     0.420000
     0.260000
     0.280000
     0.300000
     0.310000
     0.270000
     0.270000
     0.290000
     0.300000
     0.300000
     0.290000
     0.290000
     0.290000
     0.290000
     0.290000
     0.290000
     0.290000
     0.280000
     0.280000
     0.280000
     0.280000
     0.280000
     0.280000
     0.280000
     0.270000
     0.270000
     0.270000
     0.270000
     0.270000
     0.270000
     0.270000
     0.260000
     0.260000
     0.260000
     0.260000
     0.260000
     0.260000
     0.260000
     0.260000
     0.260000
     0.260000
     0.250000
     0.250000
     0.250000
     0.250000
     0.250000
     0.250000
     0.250000
     0.250000
     0.250000
     0.250000
     0.250000
     0.240000
     0.240000
     0.240000
     0.240000
     0.240000
     0.240000
     0.240000
     0.240000
     0.240000
     0.240000
     0.240000
     0.240000
     0.240000
     0.240000
     0.240000
     0.230000
     0.230000
     0.230000
     0.230000
     0.230000
     0.230000
     0.230000
     0.230000
     0.230000
     0.230000
     0.230000
     0.230000
     0.230000
     0.230000
     0.230000
     0.230000
     0.230000
     0.230000
     0.230000
     0.230000
     0.230000
     0.220000
     0.220000
     0.220000
     0.220000
     0.220000
     0.220000
     0.220000
     0.220000
     0.220000
     0.220000
     0.220000
     0.220000
     0.220000
     0.220000
     0.220000
     0.220000
     0.220000
     0.220000
     0.220000
     0.220000
     0.220000
     0.220000
     0.220000
     0.220000
     0.220000
     0.220000
     0.220000
     0.220000
     0.210000
     0.210000
     0.210000
     0.210000
     0.210000
     0.210000
     0.210000
     0.210000
     0.210000
     0.210000
     0.210000
     0.210000
     0.210000
     0.210000
     0.210000
     0.210000
     0.210000
     0.210000
     0.210000
     0.210000
     0.210000
     0.210000
     0.210000
     0.210000
     0.210000
     0.210000
     0.210000
     0.210000
     0.210000
     0.210000
     0.210000
     0.210000
     0.210000
     0.210000
     0.210000
     0.210000
     0.210000
     0.210000
     0.210000
     0.210000
     0.210000
     0.210000
     0.210000
     0.200000
     0.200000
     0.200000
     0.200000
     0.200000
     0.200000
     0.200000
     0.200000
     0.200000
     0.200000
     0.200000
     0.200000
     0.200000
     0.200000
     0.200000
     0.200000
     0.200000
     0.200000
     0.200000
     0.200000
     0.200000
     0.200000
     0.200000
     0.200000
     0.200000
     0.200000
     0.200000
     0.200000
     0.200000
     0.200000
     0.200000
     0.200000
     0.200000
     0.200000
     0.200000
     0.200000
     0.200000
     0.200000
     0.200000
     0.200000
     0.200000
     0.200000
     0.200000
     0.200000
     0.200000
     0.200000
     0.200000
     0.200000
     0.200000
     0.200000
     0.200000
     0.200000
     0.200000
     0.200000
     0.200000
     0.200000
     0.200000
     0.200000
     0.200000
     0.200000
     0.200000
     0.200000
     0.200000
     0.200000
     0.200000
     0.200000
     0.200000
     0.200000
     0.200000
     0.200000
     0.200000
     0.200000
     0.190000
     0.190000
     0.190000
     0.190000
     0.190000
     0.190000
     0.190000
     0.190000
     0.190000
     0.190000
     0.190000
     0.190000
     0.190000
     0.190000
     0.190000
     0.190000
     0.190000
     0.190000
     0.190000
     0.190000
     0.190000
     0.190000
     0.190000
     0.190000
     0.190000
     0.190000
     0.190000
     0.190000
     0.190000
     0.190000
     0.190000
     0.190000
     0.190000
     0.190000
     0.190000
     0.190000
     0.190000
     0.190000
     0.190000
     0.190000
     0.190000
     0.190000
     0.190000
     0.190000
     0.190000
     0.190000
     0.190000
     0.190000
     0.190000
     0.190000
     0.190000
     0.190000
     0.190000
     0.190000
     0.190000
     0.190000
     0.190000
     0.190000
     0.190000
     0.190000
     0.190000
     0.190000
     0.190000
     0.190000
     0.190000
     0.190000
     0.190000
     0.190000
     0.190000
     0.190000
     0.190000
     0.190000
     0.190000
     0.190000
     0.190000
     0.190000
     0.190000
     0.190000
     0.190000
     0.190000
     0.190000
     0.190000
     0.190000
     0.190000
     0.190000
     0.190000
     0.190000
     0.190000
     0.190000
     0.190000
     0.190000
     0.190000
     0.190000
     0.190000
     0.190000
     0.190000
     0.190000
     0.190000
     0.190000
     0.190000
     0.190000
     0.190000
      4.00000
      5.00000
      6.00000
      7.00000
      8.00000
      9.00000
      10.0000
      11.0000
      12.0000
      13.0000
      14.0000
      15.0000
      16.0000
      17.0000
      17.7500
      18.2500
      18.7500
      19.0000
      19.2500
      19.7500
      20.0000
      20.5000
      20.7500
      21.2500
      21.5000
      22.0000
      22.2500
      22.5000
      23.0000
      23.2500
      23.7500
      24.0000
      24.5000
      24.7500
      25.0000
      25.5000
      25.7500
      26.2500
      26.5000
      26.7500
      27.2500
      27.5000
      28.0000
      28.2500
      28.7500
      29.0000
      27.7500
      28.2500
      29.0000
      29.2500
      30.0000
      30.5000
      31.0000
      31.7500
      32.0000
      32.5000
      33.0000
      33.2500
      33.5000
      34.0000
      34.2500
      34.5000
      35.2500
      35.7500
      35.2500
      35.7500
      36.2500
      36.7500
      37.2500
      37.2500
      37.7500
      38.2500
      38.5000
      38.7500
      39.2500
      39.5000
      40.0000
      40.2500
      40.7500
      41.0000
      41.5000
      41.7500
      42.0000
      42.5000
      42.7500
      43.2500
      43.5000
      43.7500
      44.2500
      44.5000
      45.0000
      45.2500
      45.5000
      46.0000
      46.2500
      46.7500
      47.0000
      47.5000
      47.7500
      48.0000
      48.5000
      48.7500
      49.2500
      49.5000
      50.0000
      50.2500
      50.5000
      51.0000
      51.2500
      51.7500
      52.0000
      52.2500
      52.7500
      53.0000
      53.5000
      53.7500
      54.0000
      54.5000
      54.7500
      55.2500
      55.5000
      56.0000
      56.2500
      56.5000
      57.0000
      57.2500
      57.7500
      58.0000
      58.5000
      58.7500
      59.0000
      59.5000
      59.7500
      60.2500
      60.5000
      60.7500
      61.2500
      61.5000
      62.0000
      62.2500
      62.5000
      63.0000
      63.2500
      63.7500
      64.0000
      64.5000
      64.7500
      65.0000
      65.5000
      65.7500
      66.2500
      66.5000
      66.7500
      67.2500
      67.5000
      68.0000
      68.2500
      68.7500
      69.0000
      69.2500
      69.7500
      70.0000
      70.5000
      70.7500
      71.0000
      71.5000
      71.7500
      72.2500
      72.5000
      73.0000
      73.2500
      73.5000
      74.0000
      74.2500
      74.7500
      75.0000
      75.2500
      75.7500
      76.0000
      76.5000
      76.7500
      77.2500
      77.5000
      77.7500
      78.2500
      78.5000
      79.0000
      79.2500
      79.5000
      80.0000
      80.2500
      80.7500
      81.0000
      81.5000
      81.7500
      82.0000
      82.5000
      82.7500
      83.2500
      83.5000
      83.7500
      84.2500
      84.5000
      85.0000
      85.2500
      85.7500
      86.0000
      86.2500
      86.7500
      87.0000
      87.5000
      87.7500
      88.0000
      88.5000
      88.7500
      89.2500
      89.5000
      90.0000
      90.2500
      90.5000
      91.0000
      91.2500
      91.7500
      92.0000
      92.2500
      92.7500
      93.0000
      93.5000
      93.7500
      94.2500
      94.5000
      94.7500
      95.2500
      95.5000
      96.0000
      96.2500
      96.5000
      97.0000
      97.2500
      97.7500
      98.0000
      98.5000
      98.7500
      99.0000
      99.5000
      99.7500
      100.250
      100.500
      100.750
      101.250
      101.500
      102.000
      102.250
      102.750
      103.000
      103.250
      103.750
      104.000
      104.500
      104.750
      105.000
      105.500
      105.750
      106.250
      106.500
      107.000
      107.250
      107.500
      108.000
      108.250
      108.750
      109.000
      109.250
      109.750
      110.000
      110.500
      110.750
      111.250
      111.500
      111.750
      112.250
      112.500
      113.000
      113.250
      113.500
      114.000
      114.250
      114.750
      115.000
      115.500
      115.750
      116.000
      116.500
      116.750
      117.250
      117.500
      117.750
      118.250
      118.500
      119.000
      119.250
      119.750
      120.000
      120.250
      120.750
      121.000
      121.500
      121.750
      122.000
      122.500
      122.750
      123.250
      123.500
      124.000
      124.250
      124.500
      125.000
      125.250
      125.750
      126.000
      126.250
      126.750
      127.000
      127.500
      127.750
      128.250
      128.500
      128.750
      129.250
      129.500
      130.000
      130.250
      130.500
      131.000
      131.250
      131.750
      132.000
      132.500
      132.750
      133.000
      133.500
      133.750
      134.250
      134.500
      134.750
      135.250
      135.500
      136.000
      136.250
      136.750
      137.000
      137.250
      137.750
      138.000
      138.500
      138.750
      139.000
      139.500
      139.750
      140.250
      140.500
      141.000
      141.250
      141.500
      142.000
      142.250
      142.750
      143.000
      143.250
      143.750
      144.000
      144.500
      144.750
      145.250
      145.500
      145.750
      146.250
      146.500
      147.000
      147.250
      147.500
      148.000
      148.250
      148.750
      149.000
      149.500
      149.750
      150.000
      150.500
      150.750
      151.250
      151.500
      151.750
      152.250
      152.500
      153.000
      153.250
      153.750
      154.000
      154.250
      154.750
    -4.238563E-07
    -5.688997E-08
    -1.102653E-08
    -2.754519E-09
    -8.289241E-10
    -2.878790E-10
    -1.121929E-10
    -4.820378E-11
    -2.261590E-11
    -1.155955E-11
    -6.459628E-12
    -3.972076E-12
    -2.698700E-12
    -2.018772E-12
    -1.632805E-12
    -1.355175E-12
    -1.137063E-12
    -9.551887E-13
    -8.071809E-13
    -6.835337E-13
    -5.816593E-13
    -4.960632E-13
    -4.246180E-13
    -3.645145E-13
    -3.137784E-13
    -2.710060E-13
    -2.343954E-13
    -2.034442E-13
    -1.767879E-13
    -1.540513E-13
    -1.345180E-13
    -1.176606E-13
    -1.032006E-13
    -9.058836E-14
    -7.973483E-14
    -7.027397E-14
    -6.205392E-14
    -5.490627E-14
    -4.863108E-14
    -4.317623E-14
    -3.836322E-14
    -3.415410E-14
    -3.045146E-14
    -2.718127E-14
    -2.430978E-14
    -2.175276E-14
    -2.106732E-14
    -1.862024E-14
    -1.622984E-14
    -1.469017E-14
    -1.294981E-14
    -1.161568E-14
    -1.044585E-14
    -9.394593E-15
    -8.508583E-15
    -7.705021E-15
    -6.992321E-15
    -6.345594E-15
    -5.769779E-15
    -5.254599E-15
    -4.795373E-15
    -4.359681E-15
    -3.980215E-15
    -3.660496E-15
    -3.383895E-15
    -3.071690E-15
    -2.801181E-15
    -2.567744E-15
    -2.360459E-15
    -2.167128E-15
    -1.983431E-15
    -1.821279E-15
    -1.675827E-15
    -1.543095E-15
    -1.420192E-15
    -1.308977E-15
    -1.207855E-15
    -1.115664E-15
    -1.031258E-15
    -9.536236E-16
    -8.827846E-16
    -8.174631E-16
    -7.576806E-16
    -7.026109E-16
    -6.519823E-16
    -6.054530E-16
    -5.624432E-16
    -5.229488E-16
    -4.863830E-16
    -4.527091E-16
    -4.216035E-16
    -3.928070E-16
    -3.662605E-16
    -3.415733E-16
    -3.188041E-16
    -2.976755E-16
    -2.780958E-16
    -2.599680E-16
    -2.430889E-16
    -2.274726E-16
    -2.129187E-16
    -1.994158E-16
    -1.868599E-16
    -1.751607E-16
    -1.643046E-16
    -1.541466E-16
    -1.447130E-16
    -1.359031E-16
    -1.276873E-16
    -1.200311E-16
    -1.128614E-16
    -1.061857E-16
    -9.992771E-17
    -9.408707E-17
    -8.862294E-17
    -8.350146E-17
    -7.872006E-17
    -7.422255E-17
    -7.002141E-17
    -6.607798E-17
    -6.238032E-17
    -5.891620E-17
    -5.565546E-17
    -5.260270E-17
    -4.972756E-17
    -4.702999E-17
    -4.449453E-17
    -4.210715E-17
    -3.986761E-17
    -3.775154E-17
    -3.576514E-17
    -3.389184E-17
    -3.212717E-17
    -3.046638E-17
    -2.889663E-17
    -2.742028E-17
    -2.602376E-17
    -2.470778E-17
    -2.346524E-17
    -2.229004E-17
    -2.118267E-17
    -2.013244E-17
    -1.914224E-17
    -1.820493E-17
    -1.731840E-17
    -1.648078E-17
    -1.568601E-17
    -1.493543E-17
    -1.422298E-17
    -1.354891E-17
    -1.291030E-17
    -1.230428E-17
    -1.173114E-17
    -1.118569E-17
    -1.066950E-17
    -1.017914E-17
    -9.713723E-18
    -9.272403E-18
    -8.852323E-18
    -8.454237E-18
    -8.075147E-18
    -7.715304E-18
    -7.373192E-18
    -7.047394E-18
    -6.738224E-18
    -6.443162E-18
    -6.162998E-18
    -5.896081E-18
    -5.641943E-18
    -5.400241E-18
    -5.169498E-18
    -4.950142E-18
    -4.740661E-18
    -4.541188E-18
    -4.351045E-18
    -4.169518E-18
    -3.996750E-18
    -3.831410E-18
    -3.673960E-18
    -3.523545E-18
    -3.379945E-18
    -3.242986E-18
    -3.111904E-18
    -2.986951E-18
    -2.867326E-18
    -2.753122E-18
    -2.643954E-18
    -2.539431E-18
    -2.439687E-18
    -2.344028E-18
    -2.252688E-18
    -2.165226E-18
    -2.081516E-18
    -2.001486E-18
    -1.924709E-18
    -1.851341E-18
    -1.780946E-18
    -1.713566E-18
    -1.649024E-18
    -1.587109E-18
    -1.527883E-18
    -1.470955E-18
    -1.416474E-18
    -1.364191E-18
    -1.314041E-18
    -1.265986E-18
    -1.219791E-18
    -1.175547E-18
    -1.133010E-18
    -1.092213E-18
    -1.053046E-18
    -1.015387E-18
    -9.792859E-19
    -9.445241E-19
    -9.111841E-19
    -8.791277E-19
    -8.483167E-19
    -8.187350E-19
    -7.902431E-19
    -7.628997E-19
    -7.365637E-19
    -7.112541E-19
    -6.869113E-19
    -6.634663E-19
    -6.409482E-19
    -6.192263E-19
    -5.983534E-19
    -5.782473E-19
    -5.588869E-19
    -5.402650E-19
    -5.222980E-19
    -5.050234E-19
    -4.883577E-19
    -4.723119E-19
    -4.568523E-19
    -4.419363E-19
    -4.275835E-19
    -4.137181E-19
    -4.003701E-19
    -3.874925E-19
    -3.750720E-19
    -3.631054E-19
    -3.515417E-19
    -3.404048E-19
    -3.296441E-19
    -3.192671E-19
    -3.092541E-19
    -2.995791E-19
    -2.902545E-19
    -2.812330E-19
    -2.725344E-19
    -2.641297E-19
    -2.560111E-19
    -2.481770E-19
    -2.405960E-19
    -2.332833E-19
    -2.262078E-19
    -2.193740E-19
    -2.127698E-19
    -2.063793E-19
    -2.002111E-19
    -1.942356E-19
    -1.884653E-19
    -1.828825E-19
    -1.774821E-19
    -1.722637E-19
    -1.672071E-19
    -1.623226E-19
    -1.575903E-19
    -1.530136E-19
    -1.485853E-19
    -1.442951E-19
    -1.401481E-19
    -1.361256E-19
    -1.322361E-19
    -1.284681E-19
    -1.248185E-19
    -1.212872E-19
    -1.178613E-19
    -1.145476E-19
    -1.113335E-19
    -1.082208E-19
    -1.052050E-19
    -1.022794E-19
    -9.944815E-20
    -9.669894E-20
    -9.403711E-20
    -9.145553E-20
    -8.895203E-20
    -8.652687E-20
    -8.417138E-20
    -8.189012E-20
    -7.967495E-20
    -7.752733E-20
    -7.544445E-20
    -7.342195E-20
    -7.146219E-20
    -6.955700E-20
    -6.771023E-20
    -6.591709E-20
    -6.417628E-20
    -6.248803E-20
    -6.084657E-20
    -5.925507E-20
    -5.770817E-20
    -5.620664E-20
    -5.474861E-20
    -5.333112E-20
    -5.195626E-20
    -5.061852E-20
    -4.932037E-20
    -4.805873E-20
    -4.683260E-20
    -4.564229E-20
    -4.448379E-20
    -4.335934E-20
    -4.226537E-20
    -4.120244E-20
    -4.016948E-20
    -3.916440E-20
    -3.818848E-20
    -3.723795E-20
    -3.631457E-20
    -3.541631E-20
    -3.454251E-20
    -3.369340E-20
    -3.286624E-20
    -3.206264E-20
    -3.128008E-20
    -3.051898E-20
    -2.977853E-20
    -2.905733E-20
    -2.835641E-20
    -2.767324E-20
    -2.700895E-20
    -2.636218E-20
    -2.573243E-20
    -2.511993E-20
    -2.452273E-20
    -2.394200E-20
    -2.337601E-20
    -2.282508E-20
    -2.228871E-20
    -2.176591E-20
    -2.125732E-20
    -2.076119E-20
    -2.027834E-20
    -1.980780E-20
    -1.934925E-20
    -1.890289E-20
    -1.846734E-20
    -1.804344E-20
    -1.762997E-20
    -1.722711E-20
    -1.683456E-20
    -1.645158E-20
    -1.607872E-20
    -1.571474E-20
    -1.536021E-20
    -1.501447E-20
    -1.467727E-20
    -1.434876E-20
    -1.402796E-20
    -1.371549E-20
    -1.341050E-20
    -1.311312E-20
    -1.282316E-20
    -1.254008E-20
    -1.226425E-20
    -1.199479E-20
    -1.173212E-20
    -1.147577E-20
    -1.122556E-20
    -1.098161E-20
    -1.074322E-20
    -1.051085E-20
    -1.028386E-20
    -1.006236E-20
    -9.846207E-21
    -9.635018E-21
    -9.429094E-21
    -9.227799E-21
    -9.031426E-21
    -8.839648E-21
    -8.652339E-21
    -8.469594E-21
    -8.290893E-21
    -8.116566E-21
    -7.946185E-21
    -7.779817E-21
    -7.617366E-21
    -7.458555E-21
    -7.303590E-21
    -7.152004E-21
    -7.004029E-21
    -6.859418E-21
    -6.718086E-21
    -6.580092E-21
    -6.445067E-21
    -6.313264E-21
    -6.184352E-21
