      0.00000
      0.00000
      0.00000
      0.00000
      0.00000
      0.00000
      0.00000
      0.00000
      0.00000
      0.00000
      0.00000
      0.00000
      0.00000
      1.00000
      1.00000
      1.00000
      1.00000
      1.00000
      1.00000
      1.00000
      1.00000
      1.00000
      1.00000
      1.00000
      1.00000
      1.00000
      1.00000
      1.00000
      1.00000
      1.00000
      1.00000
      1.00000
      1.00000
      1.00000
      1.00000
      1.00000
      1.00000
      1.00000
      1.00000
      1.00000
      1.00000
      1.00000
      1.00000
      1.00000
      1.00000
      1.00000
      1.00000
      1.00000
      1.00000
      1.00000
      1.00000
      1.00000
      1.00000
      1.00000
      1.00000
      1.00000
      1.00000
      1.00000
      1.00000
      1.00000
      1.00000
      1.00000
      1.00000
      1.00000
      1.00000
      1.00000
      1.00000
      1.00000
      1.00000
      1.00000
      1.00000
      1.00000
      1.00000
      1.00000
      1.00000
      1.00000
      1.00000
      1.00000
      1.00000
      1.00000
      1.00000
      1.00000
      1.00000
      1.00000
      1.00000
      1.00000
      1.00000
      1.00000
      1.00000
      1.00000
      1.00000
      1.00000
      1.00000
      1.00000
      1.00000
      1.00000
      1.00000
      1.00000
      1.00000
      1.00000
      1.00000
      1.00000
      1.00000
      1.00000
      1.00000
      1.00000
      1.00000
      1.00000
      1.00000
      1.00000
      1.00000
      1.00000
      1.00000
      1.00000
      1.00000
      1.00000
      1.00000
      1.00000
      1.00000
      1.00000
      1.00000
      1.00000
      1.00000
      1.00000
      1.00000
      1.00000
      1.00000
      1.00000
      1.00000
      1.00000
      1.00000
      1.00000
      1.00000
      1.00000
      1.00000
      1.00000
      1.00000
      1.00000
      1.00000
      1.00000
      1.00000
      1.00000
      1.00000
      1.00000
      1.00000
      1.00000
      1.00000
      1.00000
      1.00000
      1.00000
      1.00000
      1.00000
      1.00000
      1.00000
      1.00000
      1.00000
      1.00000
      1.00000
      1.00000
      1.00000
     0.990000
     0.990000
     0.990000
     0.980000
     0.980000
     0.980000
     0.970000
     0.970000
     0.960000
     0.960000
     0.960000
     0.960000
     0.950000
     0.950000
     0.950000
     0.940000
     0.940000
     0.940000
     0.930000
     0.930000
     0.930000
     0.920000
     0.920000
     0.920000
     0.910000
     0.910000
     0.910000
     0.910000
     0.900000
     0.900000
     0.900000
     0.890000
     0.890000
     0.890000
     0.890000
     0.880000
     0.880000
     0.880000
     0.870000
     0.870000
     0.870000
     0.870000
     0.860000
     0.860000
     0.860000
     0.860000
     0.850000
     0.850000
     0.850000
     0.840000
     0.840000
     0.840000
     0.840000
     0.830000
     0.830000
     0.830000
     0.820000
     0.820000
     0.820000
     0.820000
     0.810000
     0.810000
     0.810000
     0.810000
     0.800000
     0.800000
     0.800000
     0.800000
     0.790000
     0.790000
     0.790000
     0.790000
     0.780000
     0.780000
     0.780000
     0.780000
     0.770000
     0.770000
     0.770000
     0.770000
     0.760000
     0.760000
     0.760000
     0.750000
     0.750000
     0.750000
     0.750000
     0.750000
     0.740000
     0.740000
     0.740000
     0.740000
     0.730000
     0.730000
     0.730000
     0.730000
     0.720000
     0.720000
     0.720000
     0.720000
     0.710000
     0.710000
     0.710000
     0.710000
     0.700000
     0.700000
     0.700000
     0.700000
     0.690000
     0.690000
     0.690000
     0.690000
     0.680000
     0.680000
     0.680000
     0.680000
     0.670000
     0.670000
     0.670000
     0.670000
     0.660000
     0.660000
     0.660000
     0.660000
     0.650000
     0.650000
     0.650000
     0.650000
     0.640000
     0.640000
     0.640000
     0.640000
     0.630000
     0.630000
     0.630000
     0.630000
     0.620000
     0.620000
     0.620000
     0.620000
     0.610000
     0.610000
     0.610000
     0.610000
     0.600000
     0.600000
     0.600000
     0.590000
     0.590000
     0.590000
     0.590000
     0.580000
     0.580000
     0.580000
     0.570000
     0.570000
     0.570000
     0.570000
     0.560000
     0.560000
     0.560000
     0.550000
     0.550000
     0.550000
     0.550000
     0.540000
     0.540000
     0.540000
     0.530000
     0.530000
     0.530000
     0.520000
     0.520000
     0.520000
     0.510000
     0.510000
     0.510000
     0.510000
     0.500000
     0.500000
     0.500000
     0.490000
     0.490000
     0.480000
     0.470000
     0.470000
     0.470000
     0.460000
     0.460000
     0.460000
     0.450000
     0.450000
     0.440000
     0.430000
     0.430000
     0.420000
     0.410000
     0.400000
     0.400000
     0.390000
     0.390000
     0.380000
     0.380000
     0.380000
     0.370000
     0.370000
     0.360000
     0.360000
     0.350000
     0.350000
     0.340000
     0.330000
     0.320000
     0.310000
     0.310000
     0.300000
     0.290000
     0.280000
     0.280000
     0.280000
     0.270000
     0.270000
     0.260000
     0.260000
     0.250000
     0.240000
     0.230000
     0.220000
     0.210000
     0.200000
     0.190000
     0.180000
     0.170000
     0.170000
     0.160000
     0.150000
     0.140000
     0.130000
     0.120000
     0.120000
     0.110000
      4.00000
      5.00000
      6.00000
      7.00000
      8.00000
      9.00000
      10.0000
      11.0000
      12.0000
      13.0000
      14.0000
      15.0000
      16.0000
      16.5000
      17.2500
      17.7500
      18.2500
      18.7500
      19.2500
      19.5000
      20.0000
      20.2500
      20.7500
      21.0000
      21.2500
      21.5000
      21.7500
      22.2500
      22.5000
      22.7500
      22.7500
      23.0000
      23.2500
      23.5000
      23.7500
      24.0000
      24.0000
      24.2500
      24.5000
      24.7500
      24.7500
      25.0000
      25.0000
      25.2500
      25.5000
      25.5000
      25.7500
      25.7500
      26.0000
      26.0000
      26.2500
      26.2500
      26.5000
      26.5000
      26.5000
      26.7500
      26.7500
      27.0000
      27.0000
      27.0000
      27.2500
      27.2500
      27.2500
      27.5000
      27.5000
      27.5000
      27.7500
      27.7500
      27.7500
      28.0000
      28.0000
      28.0000
      28.0000
      28.2500
      28.2500
      28.2500
      28.2500
      28.5000
      28.5000
      28.5000
      28.5000
      28.7500
      28.7500
      28.7500
      28.7500
      29.0000
      29.0000
      29.0000
      29.0000
      29.0000
      29.2500
      29.2500
      29.2500
      29.2500
      29.2500
      29.5000
      29.5000
      29.5000
      29.5000
      29.5000
      29.7500
      29.7500
      29.7500
      29.7500
      29.7500
      30.0000
      30.0000
      30.0000
      30.0000
      30.0000
      30.2500
      30.2500
      30.2500
      30.2500
      30.2500
      30.2500
      30.5000
      30.5000
      30.5000
      30.5000
      30.5000
      30.7500
      30.7500
      30.7500
      30.7500
      30.7500
      30.7500
      31.0000
      31.0000
      31.0000
      31.0000
      31.0000
      31.0000
      31.2500
      31.2500
      31.2500
      31.2500
      31.2500
      31.2500
      31.5000
      31.5000
      31.5000
      31.5000
      31.5000
      31.5000
      31.7500
      31.7500
      31.7500
      31.7500
      31.7500
      31.7500
      32.0000
      32.0000
      32.0000
      32.0000
      32.0000
      32.0000
      32.2500
      32.2500
      32.2500
      32.2500
      32.2500
      32.2500
      32.2500
      32.5000
      32.5000
      32.5000
      32.5000
      32.5000
      32.5000
      32.7500
      32.7500
      32.7500
      32.7500
      32.7500
      32.7500
      32.7500
      33.0000
      33.0000
      33.0000
      33.0000
      33.0000
      33.0000
      33.2500
      33.2500
      33.2500
      33.2500
      33.2500
      33.2500
      33.2500
      33.5000
      33.5000
      33.5000
      33.5000
      33.5000
      33.5000
      33.5000
      33.7500
      33.7500
      33.7500
      33.7500
      33.7500
      33.7500
      33.7500
      34.0000
      34.0000
      34.0000
      34.0000
      34.0000
      34.0000
      34.0000
      34.2500
      34.2500
      34.2500
      34.2500
      34.2500
      34.2500
      34.2500
      34.5000
      34.5000
      34.5000
      34.5000
      34.5000
      34.5000
      34.5000
      34.7500
      34.7500
      34.7500
      34.7500
      34.7500
      34.7500
      34.7500
      35.0000
      35.0000
      35.0000
      35.0000
      35.0000
      35.0000
      35.0000
      35.2500
      35.2500
      35.2500
      35.2500
      35.2500
      35.2500
      35.2500
      35.5000
      35.5000
      35.5000
      35.5000
      35.5000
      35.5000
      35.5000
      35.7500
      35.7500
      35.7500
      35.7500
      35.7500
      35.7500
      35.7500
      36.0000
      36.0000
      36.0000
      36.0000
      36.0000
      36.0000
      36.0000
      36.2500
      36.2500
      36.2500
      36.2500
      36.2500
      36.2500
      36.2500
      36.5000
      36.5000
      36.5000
      36.5000
      36.5000
      36.5000
      36.5000
      36.7500
      36.7500
      36.7500
      36.7500
      36.7500
      36.7500
      36.7500
      37.0000
      37.0000
      37.0000
      37.0000
      37.0000
      37.0000
      37.0000
      37.2500
      37.2500
      37.2500
      37.2500
      37.2500
      37.2500
      37.2500
      37.5000
      37.5000
      37.5000
      37.5000
      37.5000
      37.5000
      37.5000
      37.7500
      37.7500
      37.7500
      37.7500
      37.7500
      37.7500
      37.7500
      38.0000
      38.0000
      38.0000
      38.0000
      38.0000
      38.0000
      38.2500
      38.2500
      38.2500
      38.2500
      38.2500
      38.2500
      38.2500
      38.5000
      38.5000
      38.5000
      38.5000
      38.5000
      38.5000
      38.7500
      38.7500
      38.7500
      38.7500
      38.7500
      38.7500
      39.0000
      39.0000
      39.0000
      39.0000
      39.0000
      39.0000
      39.2500
      39.2500
      39.2500
      39.2500
      39.2500
      39.2500
      39.5000
      39.5000
      39.5000
      39.5000
      39.5000
      39.7500
      39.7500
      39.7500
      39.7500
      39.7500
      39.7500
      40.0000
      40.0000
      40.0000
      40.0000
      40.0000
      40.2500
      40.2500
      40.2500
      40.2500
      40.2500
      40.5000
      40.5000
      40.5000
      40.5000
      40.5000
      40.7500
      40.7500
      40.7500
      40.7500
      41.0000
      41.0000
      41.0000
      41.0000
      41.2500
      41.2500
      41.2500
      41.2500
      41.2500
      41.5000
      41.7500
      41.7500
      41.7500
      42.0000
      42.0000
      42.0000
      42.2500
      42.5000
    -4.238573E-07
    -5.689096E-08
    -1.102752E-08
    -2.755514E-09
    -8.299188E-10
    -2.888737E-10
    -1.131876E-10
    -4.919845E-11
    -2.361056E-11
    -1.255422E-11
    -7.454296E-12
    -4.966744E-12
    -3.693369E-12
    -2.944952E-12
    -2.415686E-12
    -2.029659E-12
    -1.736533E-12
    -1.515816E-12
    -1.346051E-12
    -1.209663E-12
    -1.099290E-12
    -1.008346E-12
    -9.316388E-13
    -8.661011E-13
    -8.099601E-13
    -7.612338E-13
    -7.185914E-13
    -6.808851E-13
    -6.474384E-13
    -6.175792E-13
    -5.906990E-13
    -5.663737E-13
    -5.442777E-13
    -5.241282E-13
    -5.056679E-13
    -4.886865E-13
    -4.730081E-13
    -4.584342E-13
    -4.449251E-13
    -4.323566E-13
    -4.205267E-13
    -4.094802E-13
    -3.991052E-13
    -3.892947E-13
    -3.800863E-13
    -3.713096E-13
    -3.630375E-13
    -3.551412E-13
    -3.476566E-13
    -3.404952E-13
    -3.336823E-13
    -3.271404E-13
    -3.209005E-13
    -3.148867E-13
    -3.091283E-13
    -3.035800E-13
    -2.982420E-13
    -2.931016E-13
    -2.881241E-13
    -2.833274E-13
    -2.786853E-13
    -2.741863E-13
    -2.698354E-13
    -2.656079E-13
    -2.615059E-13
    -2.575263E-13
    -2.536538E-13
    -2.498835E-13
    -2.462199E-13
    -2.426531E-13
    -2.391650E-13
    -2.357707E-13
    -2.324611E-13
    -2.292271E-13
    -2.260652E-13
    -2.229816E-13
    -2.199676E-13
    -2.170142E-13
    -2.141248E-13
    -2.113026E-13
    -2.085395E-13
    -2.058281E-13
    -2.031701E-13
    -2.005709E-13
    -1.980249E-13
    -1.955261E-13
    -1.930672E-13
    -1.906611E-13
    -1.883026E-13
    -1.859879E-13
    -1.837110E-13
    -1.814732E-13
    -1.792793E-13
    -1.771265E-13
    -1.750116E-13
    -1.729274E-13
    -1.708791E-13
    -1.688683E-13
    -1.668939E-13
    -1.649532E-13
    -1.630386E-13
    -1.611552E-13
    -1.593049E-13
    -1.574868E-13
    -1.556991E-13
    -1.539354E-13
    -1.521978E-13
    -1.504894E-13
    -1.488093E-13
    -1.471570E-13
    -1.455281E-13
    -1.439205E-13
    -1.423392E-13
    -1.407826E-13
    -1.392505E-13
    -1.377422E-13
    -1.362517E-13
    -1.347840E-13
    -1.333391E-13
    -1.319155E-13
    -1.305135E-13
    -1.291310E-13
    -1.277652E-13
    -1.264206E-13
    -1.250957E-13
    -1.237900E-13
    -1.225035E-13
    -1.212326E-13
    -1.199784E-13
    -1.187427E-13
    -1.175246E-13
    -1.163240E-13
    -1.151403E-13
    -1.139699E-13
    -1.128148E-13
    -1.116762E-13
    -1.105537E-13
    -1.094470E-13
    -1.083552E-13
    -1.072754E-13
    -1.062094E-13
    -1.051580E-13
    -1.041211E-13
    -1.030986E-13
    -1.020893E-13
    -1.010911E-13
    -1.001054E-13
    -9.913274E-14
    -9.817302E-14
    -9.722620E-14
    -9.629144E-14
    -9.536734E-14
    -9.445386E-14
    -9.355234E-14
    -9.266265E-14
    -9.178432E-14
    -9.091703E-14
    -9.006015E-14
    -8.921227E-14
    -8.837522E-14
    -8.754876E-14
    -8.673266E-14
    -8.592671E-14
    -8.513037E-14
    -8.434205E-14
    -8.356322E-14
    -8.279400E-14
    -8.203423E-14
    -8.128390E-14
    -8.054215E-14
    -7.980873E-14
    -7.908291E-14
    -7.836576E-14
    -7.765735E-14
    -7.695752E-14
    -7.626603E-14
    -7.558229E-14
    -7.490531E-14
    -7.423588E-14
    -7.357440E-14
    -7.292075E-14
    -7.227495E-14
    -7.163644E-14
    -7.100506E-14
    -7.037941E-14
    -6.976093E-14
    -6.914968E-14
    -6.854568E-14
    -6.794868E-14
    -6.735825E-14
    -6.677396E-14
    -6.619527E-14
    -6.562306E-14
    -6.505745E-14
    -6.449847E-14
    -6.394582E-14
    -6.339914E-14
    -6.285777E-14
    -6.232174E-14
    -6.179162E-14
    -6.126757E-14
    -6.074954E-14
    -6.023732E-14
    -5.973051E-14
    -5.922830E-14
    -5.873118E-14
    -5.823944E-14
    -5.775327E-14
    -5.727260E-14
    -5.679728E-14
    -5.632682E-14
    -5.586047E-14
    -5.539887E-14
    -5.494223E-14
    -5.449062E-14
    -5.404408E-14
    -5.360248E-14
    -5.316534E-14
    -5.273186E-14
    -5.230273E-14
    -5.187822E-14
    -5.145827E-14
    -5.104299E-14
    -5.063227E-14
    -5.022566E-14
    -4.982240E-14
    -4.942311E-14
    -4.902808E-14
    -4.863721E-14
    -4.825063E-14
    -4.786827E-14
    -4.748975E-14
    -4.711434E-14
    -4.674249E-14
    -4.637457E-14
    -4.601056E-14
    -4.565038E-14
    -4.529412E-14
    -4.494145E-14
    -4.459179E-14
    -4.424526E-14
    -4.390234E-14
    -4.356303E-14
    -4.322732E-14
    -4.289514E-14
    -4.256635E-14
    -4.224040E-14
    -4.191735E-14
    -4.159753E-14
    -4.128107E-14
    -4.096790E-14
    -4.065807E-14
    -4.035136E-14
    -4.004736E-14
    -3.974597E-14
    -3.944762E-14
    -3.915229E-14
    -3.886003E-14
    -3.857083E-14
    -3.828462E-14
    -3.800098E-14
    -3.771966E-14
    -3.744116E-14
    -3.716551E-14
    -3.689262E-14
    -3.662259E-14
    -3.635535E-14
    -3.609056E-14
    -3.582793E-14
    -3.556787E-14
    -3.531042E-14
    -3.505559E-14
    -3.480338E-14
    -3.455377E-14
    -3.430651E-14
    -3.406120E-14
    -3.381834E-14
    -3.357785E-14
    -3.333979E-14
    -3.310421E-14
    -3.287103E-14
    -3.264007E-14
    -3.241088E-14
    -3.218402E-14
    -3.195937E-14
    -3.173695E-14
    -3.151683E-14
    -3.129901E-14
    -3.108326E-14
    -3.086913E-14
    -3.065718E-14
    -3.044731E-14
    -3.023957E-14
    -3.003391E-14
    -2.983040E-14
    -2.962882E-14
    -2.942883E-14
    -2.923082E-14
    -2.903478E-14
    -2.884077E-14
    -2.864869E-14
    -2.845861E-14
    -2.827029E-14
    -2.808352E-14
    -2.789864E-14
    -2.771558E-14
    -2.753441E-14
    -2.735510E-14
    -2.717763E-14
    -2.700170E-14
    -2.682732E-14
    -2.665475E-14
    -2.648388E-14
    -2.631479E-14
    -2.614748E-14
    -2.598185E-14
    -2.581758E-14
    -2.565490E-14
    -2.549390E-14
    -2.533450E-14
    -2.517680E-14
    -2.502073E-14
    -2.486618E-14
    -2.471287E-14
    -2.456119E-14
    -2.441105E-14
    -2.426244E-14
    -2.411543E-14
    -2.396992E-14
    -2.382569E-14
    -2.368282E-14
    -2.354149E-14
    -2.340157E-14
    -2.326315E-14
    -2.312623E-14
    -2.299064E-14
    -2.285626E-14
    -2.272333E-14
    -2.259175E-14
    -2.246158E-14
    -2.233285E-14
    -2.220545E-14
    -2.207919E-14
    -2.195435E-14
    -2.183097E-14
    -2.170890E-14
    -2.158822E-14
    -2.146888E-14
    -2.135056E-14
    -2.123360E-14
    -2.111788E-14
    -2.100345E-14
    -2.089038E-14
    -2.077869E-14
    -2.066814E-14
    -2.055893E-14
    -2.045105E-14
    -2.034459E-14
    -2.023947E-14
    -2.013527E-14
    -2.003231E-14
    -1.993059E-14
    -1.983001E-14
    -1.973070E-14
    -1.963240E-14
    -1.953519E-14
    -1.943918E-14
    -1.934445E-14
    -1.925075E-14
    -1.915822E-14
    -1.906663E-14
    -1.897627E-14
    -1.888719E-14
    -1.879931E-14
    -1.871243E-14
    -1.862658E-14
    -1.854196E-14
    -1.845857E-14
    -1.837626E-14
    -1.829478E-14
    -1.821435E-14
    -1.813506E-14
    -1.805694E-14
    -1.797980E-14
    -1.790357E-14
    -1.782851E-14
    -1.775460E-14
    -1.768192E-14
    -1.761087E-14
    -1.754103E-14
    -1.747236E-14
    -1.740491E-14
    -1.733848E-14
    -1.727284E-14
    -1.720798E-14
    -1.714424E-14
    -1.708237E-14
    -1.702425E-14
    -1.696727E-14
    -1.691122E-14
    -1.685550E-14
