-8.0;nan;nan;nan;nan;
-7.995995995995996;nan;nan;nan;nan;
-7.991991991991992;nan;nan;nan;nan;
-7.987987987987988;nan;nan;nan;nan;
-7.983983983983984;nan;nan;nan;nan;
-7.97997997997998;nan;nan;nan;nan;
-7.975975975975976;nan;nan;nan;nan;
-7.971971971971972;nan;nan;nan;nan;
-7.967967967967968;nan;nan;nan;nan;
-7.963963963963964;nan;nan;nan;nan;
-7.95995995995996;nan;nan;nan;nan;
-7.955955955955956;nan;nan;nan;nan;
-7.951951951951952;nan;nan;nan;nan;
-7.947947947947948;nan;nan;nan;nan;
-7.943943943943944;nan;nan;nan;nan;
-7.93993993993994;nan;nan;nan;nan;
-7.935935935935936;nan;nan;nan;nan;
-7.931931931931932;nan;nan;nan;nan;
-7.927927927927928;nan;nan;nan;nan;
-7.923923923923924;nan;nan;nan;nan;
-7.91991991991992;nan;nan;nan;nan;
-7.915915915915916;nan;nan;nan;nan;
-7.911911911911912;nan;nan;nan;nan;
-7.907907907907908;nan;nan;nan;nan;
-7.903903903903904;nan;nan;nan;nan;
-7.8998998998999;nan;nan;nan;nan;
-7.895895895895896;nan;nan;nan;nan;
-7.891891891891892;nan;nan;nan;nan;
-7.887887887887888;nan;nan;nan;nan;
-7.883883883883884;nan;nan;nan;nan;
-7.87987987987988;nan;nan;nan;nan;
-7.875875875875876;nan;nan;nan;nan;
-7.871871871871872;nan;nan;nan;nan;
-7.867867867867868;nan;nan;nan;nan;
-7.863863863863864;nan;nan;nan;nan;
-7.85985985985986;nan;nan;nan;nan;
-7.8558558558558556;nan;nan;nan;nan;
-7.851851851851852;nan;nan;nan;nan;
-7.847847847847848;nan;nan;nan;nan;
-7.843843843843844;nan;nan;nan;nan;
-7.83983983983984;nan;nan;nan;nan;
-7.8358358358358355;nan;nan;nan;nan;
-7.831831831831832;nan;nan;nan;nan;
-7.827827827827828;nan;nan;nan;nan;
-7.823823823823824;nan;nan;nan;nan;
-7.81981981981982;nan;nan;nan;nan;
-7.8158158158158155;nan;nan;nan;nan;
-7.811811811811812;nan;nan;nan;nan;
-7.807807807807808;nan;nan;nan;nan;
-7.803803803803804;nan;nan;nan;nan;
-7.7997997997998;nan;nan;nan;nan;
-7.7957957957957955;nan;nan;nan;nan;
-7.791791791791792;nan;nan;nan;nan;
-7.787787787787788;nan;nan;nan;nan;
-7.783783783783784;0.00026463797751555225;nan;nan;nan;
-7.77977977977978;0.0007203578006597883;nan;nan;nan;
-7.7757757757757755;0.0011760776238040245;nan;nan;nan;
-7.771771771771772;0.0016317974469481592;nan;nan;nan;
-7.767767767767768;0.002087517270092395;nan;nan;nan;
-7.763763763763764;0.0025432370932365303;nan;nan;nan;
-7.75975975975976;0.002998956916380729;nan;nan;nan;
-7.7557557557557555;0.003454676739524924;nan;nan;nan;
-7.751751751751752;0.003910396562669017;nan;nan;nan;
-7.747747747747748;0.004366116385813213;nan;nan;nan;
-7.743743743743744;0.004821836208957306;nan;nan;nan;
-7.73973973973974;0.005277556032101497;nan;nan;nan;
-7.7357357357357355;0.005733275855245671;nan;nan;nan;
-7.731731731731732;0.006188995678389745;nan;nan;nan;
-7.727727727727728;0.006644715501533919;nan;nan;nan;
-7.723723723723724;0.007100435324677993;nan;nan;nan;
-7.71971971971972;0.007556155147822168;nan;nan;nan;
-7.7157157157157155;0.008011874970966344;nan;nan;nan;
-7.711711711711712;0.008467594794110439;nan;nan;nan;
-7.707707707707708;0.008923314617254633;nan;nan;nan;
-7.703703703703704;0.009379034440398726;nan;nan;nan;
-7.6996996996997;0.009834754263542921;nan;nan;nan;
-7.6956956956956954;0.010290474086687117;nan;nan;nan;
-7.691691691691692;0.01074619390983121;nan;nan;nan;
-7.687687687687688;0.011201913732975407;nan;nan;nan;
-7.683683683683684;0.011657633556119507;nan;nan;nan;
-7.67967967967968;0.01211335337926371;nan;nan;nan;
-7.675675675675675;0.01256907320240791;nan;nan;nan;
-7.671671671671672;0.013024793025552008;nan;nan;nan;
-7.667667667667668;0.013480512848696209;nan;nan;nan;
-7.663663663663664;0.013936232671840309;nan;nan;nan;
-7.65965965965966;0.0143919524949845;nan;nan;nan;
-7.655655655655655;0.014847672318128693;nan;nan;nan;
-7.651651651651652;0.015303392141272782;nan;nan;nan;
-7.647647647647648;0.015759111964416973;nan;nan;nan;
-7.643643643643643;0.016214831787561165;nan;nan;nan;
-7.63963963963964;0.016670551610705252;nan;nan;nan;
-7.635635635635635;0.017126271433849444;nan;nan;nan;
-7.631631631631632;0.017581991256993532;nan;nan;nan;
-7.627627627627628;0.018037711080137728;nan;nan;nan;
-7.623623623623623;0.018493430903281923;nan;nan;nan;
-7.61961961961962;0.018949150726426015;nan;nan;nan;
-7.615615615615615;0.019404870549570206;nan;nan;nan;
-7.611611611611612;0.0198605903727143;nan;nan;nan;
-7.607607607607608;0.020316310195858493;nan;nan;nan;
-7.603603603603603;0.020772030019002685;nan;nan;nan;
-7.5995995995996;0.021227749842146787;nan;nan;nan;
-7.595595595595595;0.021683469665290986;nan;nan;nan;
-7.591591591591592;0.022139189488435088;nan;nan;nan;
-7.587587587587588;0.022594909311579287;nan;nan;nan;
-7.583583583583583;0.023050629134723492;nan;nan;nan;
-7.57957957957958;0.023506348957867594;nan;nan;nan;
-7.575575575575575;0.023962068781011796;nan;nan;nan;
-7.571571571571572;0.024417788604155895;nan;nan;nan;
-7.5675675675675675;0.0248735084273001;nan;nan;nan;
-7.563563563563563;0.025329228250444313;nan;nan;nan;
-7.55955955955956;0.025784948073588415;nan;nan;nan;
-7.555555555555555;0.026240667896732628;nan;nan;nan;
-7.551551551551552;0.026696387719876733;nan;nan;nan;
-7.5475475475475475;0.027152107543020942;nan;nan;nan;
-7.543543543543543;0.027607827366165148;nan;nan;nan;
-7.53953953953954;0.028063547189309257;nan;nan;nan;
-7.535535535535535;0.028519267012453466;nan;nan;nan;
-7.531531531531532;0.02897498683559755;nan;nan;nan;
-7.5275275275275275;0.029430706658741732;nan;nan;nan;
-7.523523523523523;0.029886426481885914;nan;nan;nan;
-7.51951951951952;0.030342146305029988;nan;nan;nan;
-7.515515515515515;0.030797866128174166;nan;nan;nan;
-7.511511511511512;0.03125358595131825;nan;nan;nan;
-7.5075075075075075;0.031709305774462425;nan;nan;nan;
-7.503503503503503;0.0321650255976066;nan;nan;nan;
-7.4994994994995;0.032620745420750684;nan;nan;nan;
-7.495495495495495;0.03307646524389487;nan;nan;nan;
-7.491491491491492;0.03353218506703895;nan;nan;nan;
-7.4874874874874875;0.033987904890183135;nan;nan;nan;
-7.483483483483483;0.03444362471332732;nan;nan;nan;
-7.47947947947948;0.03489934453647141;nan;nan;nan;
-7.475475475475475;0.03535506435961559;nan;nan;nan;
-7.471471471471472;0.03581078418275968;nan;nan;nan;
-7.4674674674674675;0.036266504005903866;nan;nan;nan;
-7.463463463463463;0.03672222382904805;nan;nan;nan;
-7.45945945945946;0.03717794365219214;nan;nan;nan;
-7.455455455455455;0.037633663475336324;nan;nan;nan;
-7.451451451451452;0.03808938329848041;nan;nan;nan;
-7.4474474474474475;0.0385451031216246;nan;nan;nan;
-7.443443443443443;0.039000822944768795;nan;nan;nan;
-7.43943943943944;0.03945654276791289;nan;nan;nan;
-7.435435435435435;0.03991226259105708;nan;nan;nan;
-7.431431431431432;0.04036798241420117;nan;nan;nan;
-7.4274274274274275;0.04082370223734536;nan;nan;nan;
-7.423423423423423;0.041279422060489554;nan;nan;nan;
-7.41941941941942;0.04173514188363364;nan;nan;nan;
-7.415415415415415;0.04219086170677784;nan;nan;nan;
-7.411411411411412;0.04264658152992193;nan;nan;nan;
-7.407407407407407;0.043102301353066114;nan;nan;nan;
-7.403403403403403;0.0435580211762103;nan;nan;nan;
-7.3993993993994;0.04401374099935439;nan;nan;nan;
-7.395395395395395;0.04446946082249857;nan;nan;nan;
-7.391391391391391;0.044925180645642764;nan;nan;nan;
-7.387387387387387;0.045380900468786844;nan;nan;nan;
-7.383383383383383;0.045836620291931036;nan;nan;nan;
-7.37937937937938;0.04629234011507512;nan;nan;nan;
-7.375375375375375;0.046748059938219316;nan;nan;nan;
-7.371371371371371;0.047203779761363494;nan;nan;nan;
-7.367367367367367;0.04765949958450759;nan;nan;nan;
-7.363363363363363;0.04811521940765178;nan;nan;nan;
-7.35935935935936;0.048570939230795876;nan;nan;nan;
-7.355355355355355;0.04902665905394008;nan;nan;nan;
-7.351351351351351;0.04948237887708428;nan;nan;nan;
-7.347347347347347;0.049938098700228375;nan;nan;nan;
-7.343343343343343;0.050393818523372574;nan;nan;nan;
-7.33933933933934;0.050849538346516676;nan;nan;nan;
-7.335335335335335;0.051305258169660875;nan;nan;nan;
-7.331331331331331;0.05176097799280508;nan;nan;nan;
-7.327327327327327;0.052216697815949176;nan;nan;nan;
-7.323323323323323;0.05267241763909338;nan;nan;nan;
-7.31931931931932;0.053128137462237476;nan;nan;nan;
-7.315315315315315;0.05358385728538167;nan;nan;nan;
-7.311311311311311;0.05403957710852585;nan;nan;nan;
-7.307307307307307;0.054495296931669934;nan;nan;nan;
-7.303303303303303;0.05495101675481412;nan;nan;nan;
-7.2992992992992995;0.05540673657795819;nan;nan;nan;
-7.295295295295295;0.05586245640110238;nan;nan;nan;
-7.291291291291291;0.05631817622424656;nan;nan;nan;
-7.287287287287287;0.05677389604739064;nan;nan;nan;
-7.283283283283283;0.05722961587053482;nan;nan;nan;
-7.2792792792792795;0.0576853356936789;nan;nan;nan;
-7.275275275275275;0.05814105551682309;nan;nan;nan;
-7.271271271271271;0.05859677533996727;nan;nan;nan;
-7.267267267267267;0.059052495163111354;nan;nan;nan;
-7.263263263263263;0.05950821498625554;nan;nan;nan;
-7.2592592592592595;0.05996393480939963;nan;nan;nan;
-7.255255255255255;0.060419654632543826;nan;nan;nan;
-7.251251251251251;0.060875374455688025;nan;nan;nan;
-7.247247247247247;0.06133109427883211;nan;nan;nan;
-7.243243243243243;0.061786814101976305;nan;nan;nan;
-7.2392392392392395;0.06224253392512039;nan;nan;nan;
-7.235235235235235;0.06269825374826458;nan;nan;nan;
-7.231231231231231;0.06315397357140878;nan;nan;nan;
-7.227227227227227;0.06360969339455289;nan;nan;nan;
-7.223223223223223;0.06406541321769707;nan;nan;nan;
-7.2192192192192195;0.06452113304084117;nan;nan;nan;
-7.215215215215215;0.06497685286398536;nan;nan;nan;
-7.211211211211211;0.06543257268712954;0.000388598519000612;nan;nan;
-7.207207207207207;0.06588829251027364;0.0013972795471218324;nan;nan;
-7.203203203203203;0.06634401233341784;0.0024059605752432766;nan;nan;
-7.1991991991991995;0.06679973215656193;0.0034146416033644968;nan;nan;
-7.195195195195195;0.06725545197970613;0.004423322631485942;nan;nan;
-7.191191191191191;0.06771117180285031;0.0054320036596073856;nan;nan;
-7.187187187187187;0.06816689162599442;0.006440684687728606;nan;nan;
-7.183183183183183;0.0686226114491386;0.00742964474678239;nan;nan;
-7.1791791791791795;0.06907833127228269;0.008407889693108333;nan;nan;
-7.175175175175175;0.06953405109542689;0.009386134639434492;nan;nan;
-7.171171171171171;0.06998977091857109;0.010364379585760653;nan;nan;
-7.167167167167167;0.07044549074171517;0.011342624532086596;nan;nan;
-7.163163163163163;0.07090121056485937;0.012320869478412757;nan;nan;
-7.1591591591591595;0.07135693038800346;0.013299114424738698;nan;nan;
-7.155155155155155;0.07181265021114765;0.014234506520824537;nan;nan;
-7.151151151151151;0.07226837003429185;0.015167217869786788;nan;nan;
-7.147147147147147;0.07272408985743593;0.01609992921874883;nan;nan;
-7.143143143143143;0.07317980968058013;0.01703264056771108;nan;nan;
-7.1391391391391394;0.07363552950372423;0.017965351916673124;nan;nan;
-7.135135135135135;0.07409124932686843;0.01889806326563537;nan;nan;
-7.131131131131131;0.07454696915001263;0.01983077461459762;nan;nan;
-7.127127127127127;0.07500268897315675;0.02071585027717774;nan;nan;
-7.123123123123123;0.07545840879630095;0.02159785321177383;nan;nan;
-7.119119119119119;0.07591412861944505;0.02247985614636973;nan;nan;
-7.115115115115115;0.07636984844258925;0.023361859080965816;nan;nan;
-7.111111111111111;0.07682556826573345;0.024243862015561907;nan;nan;
-7.107107107107107;0.07728128808887756;0.025125864950157804;nan;nan;
-7.103103103103103;0.07773700791202176;0.026007867884753896;nan;nan;
-7.099099099099099;0.07819272773516586;0.026858270175962574;nan;nan;
-7.095095095095095;0.07864844755831008;0.027690271295836018;nan;nan;
-7.091091091091091;0.07910416738145427;0.028522272415709454;nan;nan;
-7.087087087087087;0.07955988720459838;0.02935427353558271;nan;nan;
-7.083083083083083;0.08001560702774257;0.030186274655456147;nan;nan;
-7.079079079079079;0.08047132685088668;0.031018275775329406;nan;nan;
-7.075075075075075;0.08092704667403089;0.031850276895202846;nan;nan;
-7.071071071071071;0.08138276649717507;0.03268227801507628;nan;nan;
-7.067067067067067;0.08183848632031916;0.03346832523693795;nan;nan;
-7.063063063063063;0.08229420614346336;0.034254037705394265;nan;nan;
-7.059059059059059;0.08274992596660745;0.03503975017385041;nan;nan;
-7.055055055055055;0.08320564578975163;0.035825462642306724;nan;nan;
-7.051051051051051;0.08366136561289583;0.03661117511076305;nan;nan;
-7.047047047047047;0.0841170854360399;0.0373968875792192;nan;nan;
-7.043043043043043;0.08457280525918409;0.03818260004767551;nan;nan;
-7.039039039039039;0.0850285250823282;0.03896831251613166;nan;nan;
-7.035035035035035;0.08548424490547238;0.03971325287695666;nan;nan;
-7.031031031031031;0.08593996472861656;0.04045759747527526;nan;nan;
-7.027027027027027;0.08639568455176065;0.041201942073593706;nan;nan;
-7.023023023023023;0.08685140437490485;0.0419462866719123;nan;nan;
-7.019019019019019;0.08730712419804892;0.04269063127023075;nan;nan;
-7.015015015015015;0.08776284402119312;0.04343497586854935;nan;nan;
-7.011011011011011;0.08821856384433731;0.044179320466867955;nan;nan;
-7.007007007007007;0.0886742836674814;0.0449236650651864;nan;nan;
-7.003003003003003;0.08913000349062558;0.04564743630729685;nan;nan;
-6.998998998998999;0.08958572331376967;0.04635553153888647;nan;nan;
-6.994994994994995;0.09004144313691385;0.04706362677047624;nan;nan;
-6.990990990990991;0.09049716296005805;0.04777172200206602;nan;nan;
-6.986986986986987;0.09095288278320214;0.04847981723365563;nan;nan;
-6.982982982982983;0.09140860260634633;0.04918791246524541;nan;nan;
-6.978978978978979;0.09186432242949041;0.049896007696835026;nan;nan;
-6.974974974974975;0.09232004225263461;0.05060410292842481;nan;nan;
-6.970970970970971;0.09277576207577881;0.05131219816001458;nan;nan;
-6.966966966966967;0.09323148189892289;0.051998585472170726;nan;nan;
-6.962962962962963;0.09368720172206707;0.05267524345844491;nan;nan;
-6.958958958958959;0.09414292154521117;0.05335190144471894;nan;nan;
-6.954954954954955;0.09459864136835536;0.05402855943099313;nan;nan;
-6.950950950950951;0.09505436119149954;0.054705217417267304;nan;nan;
-6.946946946946947;0.09551008101464364;0.055381875403541336;nan;nan;
-6.942942942942943;0.09596580083778782;0.056058533389815514;nan;nan;
-6.938938938938939;0.09642152066093192;0.05673519137608955;nan;nan;
-6.934934934934935;0.0968772404840761;0.05741184936236373;nan;nan;
-6.930930930930931;0.0973329603072203;0.058080317874757266;nan;nan;
-6.926926926926927;0.09778868013036439;0.05872983485467734;nan;nan;
-6.922922922922923;0.09824439995350857;0.05937935183459754;nan;nan;
-6.918918918918919;0.09870011977665266;0.060028868814517605;nan;nan;
-6.914914914914915;0.09915583959979686;0.06067838579443782;nan;nan;
-6.910910910910911;0.09961155942294106;0.061327902774358026;nan;nan;
-6.906906906906907;0.10006727924608515;0.061977419754278104;nan;nan;
-6.902902902902903;0.10052299906922935;0.06262693673419831;nan;nan;
-6.898898898898899;0.10097871889237343;0.06327645371411839;nan;nan;
-6.894894894894895;0.10143443871551763;0.06392597069403859;nan;nan;
-6.890890890890891;0.10189015853866182;0.06456744139946363;nan;nan;
-6.886886886886887;0.10234587836180592;0.06519354615600008;nan;nan;
-6.882882882882883;0.1028015981849501;0.06581965091253665;nan;nan;
-6.878878878878879;0.1032573180080942;0.0664457556690731;nan;nan;
-6.874874874874875;0.10371303783123839;0.06707186042560967;nan;nan;
-6.870870870870871;0.10416875765438258;0.06769796518214624;nan;nan;
-6.866866866866867;0.10462447747752668;0.06832406993868267;nan;nan;
-6.862862862862863;0.10508019730067086;0.06895017469521926;nan;nan;
-6.858858858858859;0.10553591712381497;0.06957627945175571;nan;nan;
-6.854854854854855;0.10599163694695915;0.07020238420829228;nan;nan;
-6.8508508508508505;0.10644735677010336;0.07082848896482886;nan;nan;
-6.846846846846847;0.10690307659324744;0.07143935458143903;nan;nan;
-6.842842842842843;0.10735879641639165;0.07204523391151368;nan;nan;
-6.838838838838839;0.10781451623953574;0.0726511132415882;nan;nan;
-6.834834834834835;0.10827023606267994;0.07325699257166285;nan;nan;
-6.8308308308308305;0.10872595588582412;0.07386287190173751;nan;nan;
-6.826826826826827;0.10918167570896822;0.07446875123181201;nan;nan;
-6.822822822822823;0.10963739553211241;0.07507463056188667;nan;nan;
-6.818818818818819;0.11009311535525651;0.07568050989196118;nan;nan;
-6.814814814814815;0.1105488351784007;0.07628638922203583;nan;nan;
-6.8108108108108105;0.11100455500154491;0.07689226855211048;nan;nan;
-6.806806806806807;0.11146027482468901;0.077498147882185;nan;nan;
-6.802802802802803;0.11191599464783321;0.07809593058036657;nan;nan;
-6.798798798798799;0.1123717144709773;0.07868428706513553;nan;nan;
-6.794794794794795;0.11282743429412148;0.07927264354990461;0.0006706213602762338;nan;
-6.7907907907907905;0.11328315411726568;0.07986100003467368;0.002702209598761167;nan;
-6.786786786786787;0.11373887394040977;0.08044935651944264;0.004733797837245695;nan;
-6.782782782782783;0.11419459376355398;0.08103771300421173;0.006765386075730674;nan;
-6.778778778778779;0.11465031358669808;0.08162606948898068;0.008796974314215203;nan;
-6.774774774774775;0.11510603340984227;0.08221442597374976;0.010828562552700182;nan;
-6.7707707707707705;0.11556175323298648;0.08280278245851884;0.01286015079118516;nan;
-6.766766766766767;0.11601747305613057;0.08339113894328778;0.01489173902966969;nan;
-6.762762762762763;0.11647319287927475;0.08397949542805687;0.016923327268154667;nan;
-6.758758758758759;0.11692891270241887;0.08456785191282583;0.018954915506639195;nan;
-6.754754754754755;0.11738463252556305;0.08515021651149178;0.020986503745124174;nan;
-6.7507507507507505;0.11784035234870724;0.08572333535598502;0.02301809198360915;nan;
-6.746746746746747;0.11829607217185134;0.0862964542004781;0.025049680222093675;nan;
-6.742742742742743;0.11875179199499554;0.08686957304497134;0.02708126846057865;nan;
-6.738738738738739;0.11920751181813963;0.08744269188946444;0.029112856699063175;nan;
-6.734734734734735;0.11966323164128383;0.08801581073395767;0.03114444493754815;nan;
-6.7307307307307305;0.12011895146442803;0.08858892957845091;0.033176033176033126;nan;
-6.726726726726727;0.12057467128757211;0.089162048422944;0.03520762141451765;nan;
-6.722722722722723;0.1210303911107163;0.08973516726743724;0.037239209653002626;nan;
-6.718718718718719;0.12148611093386039;0.09030828611193034;0.03927079789148715;nan;
-6.714714714714715;0.12194183075700459;0.09088140495642358;0.04130238612997213;nan;
-6.7107107107107105;0.12239755058014877;0.0914545238009168;0.043333974368457095;nan;
-6.706706706706707;0.12285327040329286;0.0920276426454099;0.04536556260694162;nan;
-6.702702702702703;0.12330899022643704;0.09259461080005621;0.04739715084542659;nan;
-6.698698698698699;0.12376471004958114;0.09315442459267435;0.049428739083911113;nan;
-6.694694694694695;0.12422042987272533;0.09371423838529261;0.05146032732239608;nan;
-6.6906906906906904;0.12467614969586951;0.09427405217791089;0.05349191556088105;nan;
-6.686686686686687;0.12513186951901362;0.09483386597052902;0.055523503799365576;nan;
-6.682682682682683;0.1255875893421578;0.09539367976314729;0.057555092037850544;nan;
-6.678678678678679;0.12604330916530188;0.09595349355576543;0.05958668027633507;nan;
-6.674674674674675;0.12649902898844606;0.09651330734838369;0.06161826851482004;nan;
-6.67067067067067;0.12695474881159025;0.09707312114100196;0.063649856753305;nan;
-6.666666666666667;0.12741046863473435;0.0976329349336201;0.06568144499178954;nan;
-6.662662662662663;0.12786618845787853;0.09819274872623836;0.06771303323027451;nan;
-6.658658658658659;0.12832190828102263;0.0987525625188565;0.06974462146875905;nan;
-6.654654654654655;0.12877762810416682;0.09931237631147477;0.07177620970724403;nan;
-6.65065065065065;0.129233347927311;0.09987219010409304;0.073807797945729;nan;
-6.646646646646647;0.1296890677504551;0.10042529950466986;0.07583938618421354;nan;
-6.642642642642643;0.1301447875735993;0.1009734462132394;0.07787097442269852;nan;
-6.638638638638639;0.13060050739674336;0.10152159292180886;0.07990256266118305;nan;
-6.634634634634635;0.13105622721988755;0.10206973963037844;0.08193415089966803;nan;
-6.63063063063063;0.13151194704303176;0.10261788633894799;0.083965739138153;nan;
-6.626626626626627;0.13196766686617584;0.10316603304751742;0.08599732737663753;nan;
-6.622622622622623;0.13242338668932002;0.10371417975608699;0.08802891561512251;nan;
-6.618618618618619;0.13287910651246412;0.10426232646465644;0.090060503853607;nan;
-6.614614614614615;0.13333482633560828;0.104810473173226;0.09209209209209197;nan;
-6.61061061061061;0.1337905461587525;0.10535861988179557;0.09412368033057694;nan;
-6.606606606606607;0.1342462659818966;0.105906766590365;0.09615526856906144;nan;
-6.602602602602603;0.13470198580504078;0.10645491329893457;0.09818685680754641;nan;
-6.598598598598599;0.13515770562818488;0.10700306000750401;0.10021844504603092;nan;
-6.594594594594595;0.13561342545132904;0.10755120671607359;0.10225003328451587;nan;
-6.59059059059059;0.13606914527447325;0.10809935342464315;0.10428162152300084;nan;
-6.586586586586587;0.13652486509761735;0.1086410876974958;0.10631320976148534;nan;
-6.5825825825825826;0.13698058492076154;0.1091789605087593;0.10834479799997031;nan;
-6.578578578578579;0.1374363047439056;0.10971683332002272;0.1103763862384548;nan;
-6.574574574574575;0.1378920245670498;0.11025470613128621;0.11240797447693976;nan;
-6.57057057057057;0.138347744390194;0.11079257894254974;0.11443956271542474;nan;
-6.566566566566567;0.1388034642133381;0.11133045175381312;0.11647115095390928;nan;
-6.5625625625625625;0.1392591840364823;0.11186832456507664;0.11850273919239426;nan;
-6.558558558558559;0.13971490385962637;0.11240619737634004;0.12053432743087879;nan;
-6.554554554554555;0.14017062368277058;0.11294407018760355;0.12256591566936376;nan;
-6.55055055055055;0.14062634350591474;0.11348194299886707;0.12459750390784874;nan;
-6.546546546546547;0.14108206332905887;0.11401981581013046;0.12662909214633328;nan;
-6.5425425425425425;0.14153778315220303;0.11455768862139398;0.12866068038481826;nan;
-6.538538538538539;0.14199350297534713;0.11509556143265737;0.13069226862330277;nan;
-6.534534534534535;0.14244922279849132;0.11563343424392089;0.13272385686178773;nan;
-6.53053053053053;0.1429049426216355;0.1161713070551844;0.1347554451002727;nan;
-6.526526526526526;0.14336066244477969;0.11670917986644792;0.13678703333875772;nan;
-6.5225225225225225;0.1438163822679238;0.11724259176882837;0.13881862157724223;nan;
-6.518518518518519;0.1442721020910679;0.11777138094065255;0.13982478459827477;nan;
-6.514514514514515;0.14472782191421207;0.11830017011247687;0.14082657848737443;nan;
-6.51051051051051;0.14518354173735626;0.11882895928430119;0.14182837237647405;nan;
-6.506506506506506;0.14563926156050044;0.11935774845612551;0.14283016626557374;nan;
-6.5025025025025025;0.14609498138364457;0.11988653762794971;0.14383196015467317;nan;
-6.498498498498499;0.14655070120678865;0.12041532679977388;0.1448337540437726;nan;
-6.494494494494495;0.14700642102993283;0.12094411597159821;0.14583554793287226;nan;
-6.49049049049049;0.14746214085307704;0.12147290514342252;0.14683734182197192;nan;
-6.486486486486486;0.14791786067622123;0.12200169431524682;0.14783913571107155;nan;
-6.4824824824824825;0.14837358049936533;0.12253048348707103;0.1483735804993653;nan;
-6.478478478478479;0.1488293003225094;0.12305927265889521;0.1488293003225094;nan;
-6.474474474474475;0.14928502014565362;0.12358806183071953;0.14928502014565365;nan;
-6.47047047047047;0.1497407399687978;0.12411685100254384;0.14974073996879786;nan;
-6.466466466466466;0.15019645979194202;0.12464564017436816;0.15019645979194207;nan;
-6.4624624624624625;0.15065217961508612;0.12517442934619236;0.1506521796150862;nan;
-6.458458458458459;0.1511078994382302;0.12570321851801655;0.1511078994382303;nan;
-6.454454454454455;0.1515636192613744;0.12623168603953216;0.15156361926137452;nan;
-6.45045045045045;0.1520193390845186;0.12675241359096429;0.1520193390845187;nan;
-6.446446446446446;0.15247505890766277;0.12727314114239643;0.15247505890766289;nan;
-6.4424424424424425;0.15293077873080688;0.12779386869382847;0.15293077873080696;nan;
-6.438438438438439;0.15338649855395098;0.12831459624526048;0.15338649855395103;nan;
-6.434434434434435;0.15384221837709516;0.12883532379669263;0.1538422183770952;nan;
-6.43043043043043;0.15429793820023935;0.12935605134812478;0.15429793820023938;nan;
-6.426426426426426;0.15475365802338356;0.1298767788995569;0.15475365802338353;nan;
-6.4224224224224224;0.15520937784652766;0.13039750645098894;0.1552093778465276;nan;
-6.418418418418419;0.15566509766967174;0.13091823400242095;0.1556650976696717;nan;
-6.414414414414415;0.15612081749281592;0.1314389615538531;0.15612081749281587;nan;
-6.41041041041041;0.15657653731596013;0.13195968910528524;0.15657653731596005;nan;
-6.406406406406406;0.15703225713910435;0.1324804166567174;0.15703225713910426;nan;
-6.402402402402402;0.15748797696224842;0.1330011442081494;0.15748797696224837;nan;
-6.398398398398399;0.1579436967853925;0.13352187175958144;0.15794369678539244;nan;
-6.394394394394395;0.15839941660853674;0.1340425993110136;0.15839941660853663;nan;
-6.39039039039039;0.15885513643168092;0.1345633268624457;0.15885513643168084;nan;
-6.386386386386386;0.1593108562548251;0.13508405441387786;0.15931085625482502;nan;
-6.382382382382382;0.1597665760779692;0.1356047819653099;0.15976657607796912;nan;
-6.378378378378378;0.1602222959011134;0.13612467392345015;0.1602222959011133;nan;
-6.374374374374375;0.1606780157242575;0.13663822218781727;0.1606780157242574;nan;
-6.37037037037037;0.16113373554740168;0.1371517704521845;0.1611337355474016;nan;
-6.366366366366366;0.16158945537054586;0.1376653187165517;0.1615894553705458;nan;
-6.362362362362362;0.16204517519368994;0.1381788669809188;0.16204517519368988;nan;
-6.358358358358358;0.16250089501683415;0.13869241524528603;0.16250089501683407;nan;
-6.354354354354355;0.16295661483997823;0.13920596350965314;0.16295661483997817;nan;
-6.35035035035035;0.1634123346631224;0.13971951177402037;0.16341233466312238;nan;
-6.346346346346346;0.16386805448626662;0.14023306003838756;0.1638680544862666;nan;
-6.342342342342342;0.1643237743094107;0.14074660830275468;0.16432377430941067;nan;
-6.338338338338338;0.16477949413255488;0.1412601565671219;0.16477949413255485;nan;
-6.334334334334335;0.16523521395569898;0.14177370483148902;0.16523521395569896;nan;
-6.33033033033033;0.16569093377884317;0.14228725309585621;0.16569093377884314;nan;
-6.326326326326326;0.16614665360198735;0.14280080136022344;0.16614665360198733;nan;
-6.322322322322322;0.16660237342513146;0.14331434962459055;0.1666023734251314;nan;
-6.318318318318318;0.16705809324827564;0.14382789788895778;0.16705809324827559;nan;
-6.314314314314315;0.16751381307141974;0.1443414461533249;0.1675138130714197;nan;
-6.31031031031031;0.1679695328945639;0.1448549944176921;0.16796953289456387;nan;
-6.306306306306306;0.1684252527177081;0.14536854268205932;0.16842525271770806;nan;
-6.302302302302302;0.16888097254085221;0.14588209094642643;0.16888097254085216;nan;
-6.298298298298298;0.1693366923639964;0.14639563921079365;0.16933669236399634;nan;
-6.2942942942942945;0.16979241218714047;0.14690569526915415;0.16979241218714045;nan;
-6.29029029029029;0.17024813201028466;0.14741283032035646;0.17024813201028463;nan;
-6.286286286286286;0.17070385183342887;0.14791996537155874;0.17070385183342884;nan;
-6.282282282282282;0.17115957165657295;0.14842710042276092;0.17115957165657292;nan;
-6.278278278278278;0.17161529147971716;0.14893423547396323;0.1716152914797171;nan;
-6.2742742742742745;0.17207101130286123;0.1494413705251654;0.17207101130286118;nan;
-6.27027027027027;0.17252673112600542;0.14994850557636769;0.1725267311260054;nan;
-6.266266266266266;0.1729824509491496;0.15045564062757;0.17298245094914957;nan;
-6.262262262262262;0.1734381707722937;0.15096277567877217;0.17343817077229368;nan;
-6.258258258258258;0.1738938905954379;0.15146991072997446;0.17389389059543786;nan;
-6.2542542542542545;0.17434961041858196;0.15197704578117666;0.17434961041858194;nan;
-6.25025025025025;0.17480533024172618;0.15248418083237894;0.17480533024172612;nan;
-6.246246246246246;0.17526105006487036;0.15299131588358122;0.17526105006487033;nan;
-6.242242242242242;0.17571676988801443;0.1534984509347834;0.17571676988801438;nan;
-6.238238238238238;0.17617248971115862;0.1540055859859857;0.17617248971115862;nan;
-6.2342342342342345;0.17662820953430272;0.15451272103718788;0.1766282095343027;nan;
-6.23023023023023;0.1770839293574469;0.15501985608839017;0.17708392935744688;nan;
-6.226226226226226;0.17753964918059112;0.15552699113959248;0.17753964918059106;nan;
-6.222222222222222;0.1779953690037352;0.15603412619079465;0.17799536900373514;0.0003877821530610302;
-6.218218218218218;0.17845108882687938;0.15654126124199697;0.17845108882687932;0.00331144074756847;
-6.2142142142142145;0.17890680865002348;0.15704839629319914;0.1789068086500234;0.006213721455440869;
-6.21021021021021;0.1793625284731677;0.15755553134440142;0.17936252847316758;0.00911600216331391;
-6.206206206206206;0.17981824829631185;0.15806196239106718;0.17981824829631177;0.012018282871186954;
-6.202202202202202;0.18027396811945595;0.15856335324787338;0.18027396811945587;0.014920563579059352;
-6.198198198198198;0.18072968794260014;0.15906474410467972;0.18072968794260005;0.017822844286932395;
-6.1941941941941945;0.1811854077657442;0.15956613496148592;0.18118540776574416;0.020725124994804795;
-6.19019019019019;0.18164112758888842;0.16006752581829226;0.18164112758888834;0.023627405702677833;
-6.186186186186186;0.1820968474120326;0.16056891667509857;0.18209684741203255;0.026529686410550878;
-6.182182182182182;0.1825525672351767;0.16107030753190477;0.18255256723517668;0.029431967118423275;
-6.178178178178178;0.1830082870583209;0.1615716983887111;0.1830082870583209;0.03233424782629632;
-6.1741741741741745;0.18346400688146497;0.1620730892455173;0.18346400688146497;0.03523652853416871;
-6.17017017017017;0.18391972670460915;0.16257448010232362;0.18391972670460918;0.03813880924204176;
-6.166166166166166;0.1843754465277534;0.16307587095912995;0.1843754465277534;0.041041089949914795;
-6.162162162162162;0.18483116635089747;0.16357726181593615;0.18483116635089747;0.0439433706577872;
-6.158158158158158;0.18528688617404165;0.16407865267274246;0.1852868861740417;0.04684565136566024;
-6.1541541541541545;0.18574260599718573;0.1645800435295487;0.18574260599718578;0.04974793207353264;
-6.15015015015015;0.1861983258203299;0.165081434386355;0.18619832582033;0.052650212781405685;
-6.146146146146146;0.18665404564347413;0.1655828252431613;0.18665404564347424;0.05543821864904866;
-6.142142142142142;0.18710976546661823;0.16608421609996754;0.1871097654666183;0.058197805442010773;
-6.138138138138138;0.1875654852897624;0.16658560695677385;0.18756548528976247;0.060957392234973484;
-6.134134134134134;0.1880212051129065;0.16708699781358005;0.1880212051129066;0.0637169790279356;
-6.13013013013013;0.18847692493605067;0.1675883886703864;0.18847692493605075;0.06647656582089831;
-6.126126126126126;0.18893264475919486;0.16808977952719273;0.18893264475919494;0.06923615261386104;
-6.122122122122122;0.18938836458233896;0.16859117038399893;0.189388364582339;0.07199573940682315;
-6.118118118118118;0.18984408440548317;0.16909256124080524;0.1898440844054832;0.07475532619978587;
-6.114114114114114;0.19029980422862725;0.16959395209761144;0.1902998042286273;0.07751491299274797;
-6.11011011011011;0.19075552405177146;0.17009534295441775;0.19075552405177149;0.08027449978571069;
-6.106106106106106;0.19121124387491562;0.17059354560436496;0.19121124387491567;0.08303408657867341;
-6.102102102102102;0.19166696369805972;0.17108977998422348;0.19166696369805974;0.08579367337163551;
-6.098098098098098;0.1921226835212039;0.1715860143640821;0.19212268352120393;0.08855326016459823;
-6.094094094094094;0.192578403344348;0.1720822487439406;0.192578403344348;0.09131284695756034;
-6.09009009009009;0.1930341231674922;0.17257848312379923;0.1930341231674922;0.09407243375052306;
-6.086086086086086;0.19348984299063637;0.17307471750365783;0.19348984299063637;0.09683202054348579;
-6.082082082082082;0.19394556281378048;0.17357095188351634;0.19394556281378048;0.09946144280653416;
-6.078078078078078;0.19440128263692466;0.17406718626337497;0.1944012826369247;0.10195723241182977;
-6.074074074074074;0.19485700246006873;0.1745634206432335;0.19485700246006882;0.10445302201712481;
-6.07007007007007;0.19531272228321295;0.17505965502309212;0.195312722283213;0.10694881162242043;
-6.066066066066066;0.19576844210635713;0.17555588940295075;0.19576844210635722;0.10944460122771604;
-6.062062062062062;0.1962241619295012;0.17605212378280924;0.19622416192950132;0.11194039083301108;
-6.058058058058058;0.1966798817526454;0.17654835816266787;0.19667988175264553;0.11443618043830668;
-6.054054054054054;0.19713560157578952;0.17704459254252636;0.19713560157578963;0.11693197004360173;
-6.05005005005005;0.1975913213989337;0.177540826922385;0.19759132139893384;0.11942775964889735;
-6.046046046046046;0.1980470412220779;0.17803706130224362;0.19804704122207803;0.12192354925419295;
-6.042042042042042;0.198502761045222;0.17853329568210213;0.19850276104522216;0.124419338859488;
-6.038038038038038;0.19895848086836615;0.17902953006196076;0.19895848086836637;0.12691512846478362;
-6.034034034034034;0.19941420069151025;0.17952576444181925;0.19941420069151047;0.12941091807007865;
-6.03003003003003;0.19986992051465446;0.18002199882167785;0.1998699205146547;0.1319067076753743;
-6.026026026026026;0.20032564033779865;0.1805182332015365;0.20032564033779887;0.13432190983817338;
-6.022022022022022;0.20078136016094272;0.18101446758139503;0.20078136016094297;0.13647518672685505;
-6.018018018018018;0.20123707998408694;0.18151070196125363;0.20123707998408719;0.13862846361553724;
-6.014014014014014;0.201692799807231;0.18200693634111215;0.20169279980723126;0.14078174050421893;
-6.01001001001001;0.2021485196303752;0.18250317072097078;0.20214851963037542;0.1429350173929011;
-6.006006006006006;0.2026042394535194;0.18299940510082938;0.20260423945351963;0.14508829428158326;
-6.002002002002002;0.20305995927666348;0.1834956394806879;0.2030599592766637;0.14724157117026498;
-5.997997997997998;0.20351567909980767;0.18398833336956583;0.2035156790998079;0.14939484805894715;
-5.993993993993994;0.20397139892295177;0.1844799306314865;0.20397139892295196;0.15154812494762884;
-5.98998998998999;0.20442711874609595;0.18497152789340726;0.20442711874609615;0.153701401836311;
-5.985985985985986;0.20488283856924014;0.18546312515532803;0.20488283856924033;0.15585467872499317;
-5.981981981981982;0.20533855839238424;0.1859547224172487;0.20533855839238443;0.15800795561367487;
-5.977977977977978;0.20579427821552843;0.18644631967916944;0.20579427821552862;0.16016123250235703;
-5.973973973973974;0.20624999803867253;0.18693791694109013;0.2062499980386727;0.1619883641040335;
-5.96996996996997;0.20670571786181668;0.1874295142030109;0.20670571786181688;0.1637825959797764;
-5.965965965965966;0.20716143768496087;0.18792111146493168;0.20716143768496106;0.16557682785551933;
-5.961961961961962;0.207617157508105;0.18841270872685234;0.20761715750810514;0.16737105973126187;
-5.957957957957958;0.20807287733124918;0.1889043059887731;0.20807287733124932;0.16916529160700478;
-5.953953953953954;0.20852859715439326;0.18939590325069378;0.20852859715439342;0.1709595234827473;
-5.94994994994995;0.20898431697753747;0.18988750051261455;0.20898431697753758;0.17275375535849025;
-5.945945945945946;0.20944003680068166;0.19037909777453532;0.2094400368006818;0.17454798723423318;
-5.941941941941942;0.20989575662382576;0.19087069503645598;0.20989575662382587;0.1763422191099757;
-5.937937937937938;0.21035147644696994;0.19136229229837676;0.21035147644697005;0.17813645098571862;
-5.933933933933934;0.21080719627011402;0.19185388956029742;0.21080719627011418;0.17993068286146113;
-5.92992992992993;0.2112629160932582;0.1923454868222182;0.21126291609325834;0.1814211901095812;
-5.925925925925926;0.21171863591640241;0.19283708408413897;0.21171863591640253;0.1828932354423709;
-5.921921921921922;0.2121743557395465;0.1933286813460596;0.21217435573954663;0.18436528077516026;
-5.917917917917918;0.2126300755626907;0.19382027860798037;0.2126300755626908;0.18583732610794998;
-5.913913913913914;0.21308579538583478;0.19431187586990106;0.2130857953858349;0.18730937144073934;
-5.90990990990991;0.21354151520897896;0.19480347313182184;0.21354151520897907;0.18878141677352905;
-5.905905905905906;0.21399723503212315;0.19529507039374258;0.21399723503212328;0.19025346210631877;
-5.901901901901902;0.21445295485526725;0.19578666765566324;0.21445295485526736;0.19172550743910816;
-5.897897897897898;0.21490867467841143;0.19627826491758402;0.21490867467841157;0.19319755277189785;
-5.893893893893894;0.21536439450155553;0.1967698621795047;0.21536439450155564;0.19466959810468723;
-5.88988988988989;0.21582011432469972;0.19726145944142545;0.2158201143246998;0.19556173606798946;
-5.885885885885886;0.21627583414784393;0.19775305670334622;0.21627583414784401;0.19627577338862157;
-5.881881881881882;0.21673155397098803;0.1982436221340547;0.2167315539709881;0.19698981070925348;
-5.877877877877878;0.21718727379413222;0.198731043931832;0.21718727379413227;0.19770384802988555;
-5.873873873873874;0.21764299361727632;0.1992184657296092;0.2176429936172764;0.1984178853505175;
-5.86986986986987;0.21809871344042053;0.19970588752738652;0.21809871344042056;0.19913192267114957;
-5.865865865865866;0.21855443326356472;0.2001933093251638;0.21855443326356477;0.19984595999178167;
-5.861861861861862;0.21901015308670882;0.20068073112294102;0.21901015308670888;0.20055999731241358;
-5.857857857857858;0.219465872909853;0.20116815292071832;0.21946587290985306;0.20117814465374398;
-5.853853853853854;0.2199215927329971;0.20165557471849554;0.21992159273299716;0.2016663144969556;
-5.84984984984985;0.2203773125561413;0.20214299651627282;0.22037731255614135;0.20215448434016733;
-5.8458458458458455;0.22083303237928548;0.20263041831405015;0.22083303237928553;0.20264265418337907;
-5.841841841841842;0.2212887522024296;0.20311784011182732;0.22128875220242966;0.2031308240265907;
-5.837837837837838;0.2217444720255738;0.20360526190960462;0.22174447202557385;0.20361899386980242;
-5.833833833833834;0.22220019184871787;0.20409268370738184;0.22220019184871795;0.20410716371301404;
-5.82982982982983;0.22265591167186208;0.20458010550515915;0.22265591167186216;0.20459533355622578;
-5.8258258258258255;0.2231116314950063;0.20506752730293643;0.22311163149500635;0.20508339460132555;
-5.821821821821822;0.22356735131815036;0.20555494910071365;0.22356735131815042;0.20557050599156065;
-5.817817817817818;0.2240230711412946;0.20604237089849095;0.2240230711412946;0.20605761738179582;
-5.813813813813814;0.22447879096443868;0.20652979269626814;0.2244787909644387;0.2065447287720309;
-5.80980980980981;0.22493451078758286;0.20701721449404548;0.2249345107875829;0.20703184016226606;
-5.8058058058058055;0.22539023061072705;0.20750463629182278;0.2253902306107271;0.20751895155250127;
-5.801801801801801;0.22584595043387126;0.20799205808960008;0.2258459504338713;0.20800606294273644;
-5.797797797797798;0.22630167025701536;0.20847947988737725;0.22630167025701536;0.20849317433297154;
-5.793793793793794;0.22675739008015947;0.20896690168515447;0.2267573900801595;0.2089802857232066;
-5.78978978978979;0.22721310990330368;0.20945432348293178;0.22721310990330365;0.20946716167638688;
-5.7857857857857855;0.22766882972644786;0.20994174528070908;0.22766882972644786;0.20995320304315346;
-5.781781781781781;0.22812454954959205;0.2104291670784864;0.22812454954959205;0.21043924440992;
-5.777777777777778;0.22858026937273612;0.2109165888762636;0.22858026937273612;0.2109252857766865;
-5.773773773773774;0.22903598919588025;0.2114040106740408;0.22903598919588022;0.211411327143453;
-5.76976976976977;0.22949170901902444;0.2118914324718181;0.2294917090190244;0.21189736851021956;
-5.7657657657657655;0.22994742884216865;0.2123788542695954;0.22994742884216862;0.21238340987698615;
-5.761761761761761;0.23040314866531286;0.2128662760673727;0.2304031486653128;0.21286945124375273;
-5.757757757757758;0.23085886848845694;0.2133536978651499;0.23085886848845688;0.21335549261051923;
-5.753753753753754;0.231314588311601;0.21384111966292713;0.23131458831160095;0.2138415339772857;
-5.74974974974975;0.23177030813474522;0.21432588199606753;0.23177030813474514;0.214326792145849;
-5.7457457457457455;0.2322260279578894;0.2148095410623588;0.23222602795788935;0.21481175280624443;
-5.741741741741741;0.23268174778103362;0.21529320012865014;0.23268174778103354;0.21529671346663987;
-5.737737737737738;0.2331374676041777;0.21577685919494133;0.23313746760417764;0.2157816741270352;
-5.733733733733734;0.23359318742732182;0.21626051826123255;0.2335931874273217;0.21626663478743052;
-5.72972972972973;0.234048907250466;0.21674417732752385;0.2340489072504659;0.21675159544782596;
-5.7257257257257255;0.23450462707361022;0.21722783639381518;0.23450462707361008;0.2172365561082214;
-5.721721721721721;0.2349603468967544;0.21771149546010646;0.2349603468967543;0.21772151676861684;
-5.717717717717718;0.2354160667198985;0.21819515452639765;0.23541606671989837;0.21820647742901217;
-5.713713713713714;0.23587178654304258;0.21867881359268887;0.23587178654304247;0.2186914380894075;
-5.70970970970971;0.2363275063661868;0.21916247265898017;0.23632750636618663;0.21917578894359552;
-5.7057057057057055;0.23678322618933098;0.2196461317252715;0.23678322618933084;0.2196596592134574;
-5.701701701701701;0.2372389460124752;0.22012979079156278;0.23723894601247505;0.22014352948331928;
-5.697697697697698;0.23769466583561927;0.220613449857854;0.23769466583561913;0.22062739975318105;
-5.693693693693694;0.23815038565876337;0.2210971089241452;0.23815038565876326;0.22111127002304282;
-5.68968968968969;0.23860610548190755;0.22158076799043652;0.23860610548190747;0.22159514029290467;
-5.685685685685685;0.23906182530505174;0.22206442705672783;0.23906182530505166;0.22207901056276652;
-5.681681681681681;0.23951754512819595;0.22254808612301913;0.23951754512819584;0.2225628808326284;
-5.677677677677678;0.23997326495134003;0.22303174518931035;0.23997326495133997;0.22304675110249017;
-5.673673673673674;0.24042898477448413;0.22351540425560157;0.24042898477448407;0.22353062137235194;
-5.66966966966967;0.2408847045976283;0.22399906332189284;0.24088470459762823;0.22401449164221382;
-5.665665665665665;0.2413404244207725;0.22448272238818415;0.24134042442077247;0.22449763746212975;
-5.661661661661661;0.24179614424391668;0.22496638145447545;0.24179614424391666;0.22498040877487518;
-5.657657657657658;0.24225186406706078;0.22545004052076667;0.24225186406706076;0.2254631800876205;
-5.653653653653654;0.2427075838902049;0.2259336995870579;0.24270758389020486;0.22594595140036583;
-5.64964964964965;0.2431633037133491;0.2264173586533492;0.24316330371334904;0.22642872271311126;
-5.645645645645645;0.24361902353649323;0.2269010177196405;0.24361902353649326;0.2269114940258567;
-5.641641641641641;0.24407474335963747;0.22738467678593183;0.24407474335963747;0.2273942653386021;
-5.637637637637638;0.24453046318278154;0.227868335852223;0.24453046318278154;0.2278770366513474;
-5.633633633633634;0.24498618300592562;0.2283519949185142;0.24498618300592565;0.22835980796409272;
-5.62962962962963;0.24544190282906983;0.22883565398480551;0.24544190282906986;0.22884257927683818;
-5.625625625625625;0.24589762265221402;0.22931931305109682;0.24589762265221404;0.2293253505895836;
-5.621621621621621;0.2463533424753582;0.22980297211738815;0.24635334247535826;0.22980812190232902;
-5.617617617617618;0.2468090622985023;0.23028663118367934;0.24680906229850236;0.23028983973717576;
-5.613613613613614;0.24726478212164638;0.23077029024997056;0.24726478212164646;0.23077150477043604;
-5.60960960960961;0.24772050194479062;0.23125394931626186;0.24772050194479067;0.23125316980369637;
-5.605605605605605;0.24817622176793475;0.23173517056596632;0.24817622176793483;0.23173483483695678;
-5.601601601601601;0.24863194159107896;0.2322154379644458;0.24863194159107901;0.2322164998702171;
-5.597597597597598;0.24908766141422306;0.23269570536292514;0.24908766141422312;0.2326981649034774;
-5.593593593593594;0.24954338123736716;0.23317597276140456;0.24954338123736722;0.23317982993673764;
-5.58958958958959;0.24999910106051132;0.233656240159884;0.2499991010605114;0.233661494969998;
-5.585585585585585;0.25045482088365556;0.23413650755836346;0.25045482088365556;0.23414316000325835;
-5.581581581581581;0.25091054070679975;0.23461677495684297;0.25091054070679975;0.2346248250365187;
-5.5775775775775776;0.2513662605299438;0.2350970423553223;0.2513662605299439;0.235106490069779;
-5.573573573573574;0.2518219803530879;0.2355773097538017;0.25182198035308795;0.23558815510303927;
-5.56956956956957;0.2522777001762321;0.23605757715228118;0.25227770017623213;0.23606942300318165;
-5.565565565565565;0.2527334199993763;0.23653784455076066;0.2527334199993764;0.2365499758132413;
-5.561561561561561;0.25318913982252045;0.2370181119492401;0.25318913982252056;0.23703052862330093;
-5.5575575575575575;0.2536448596456646;0.23749837934771947;0.25364485964566463;0.23751108143336047;
-5.553553553553554;0.2541005794688087;0.23797864674619887;0.2541005794688087;0.23799163424342007;
-5.54954954954955;0.25455629929195284;0.23845891414467835;0.2545562992919529;0.2384721870534797;
-5.545545545545545;0.2550120191150971;0.2389391815431578;0.2550120191150971;0.23895273986353935;
-5.541541541541541;0.25546773893824126;0.2394194489416373;0.25546773893824126;0.23943329267359897;
-5.5375375375375375;0.25592345876138534;0.23989971634011664;0.25592345876138534;0.23991384548365852;
-5.533533533533534;0.2563791785845294;0.24037998373859604;0.25637917858452947;0.24039439829371806;
-5.52952952952953;0.2568348984076736;0.2408602511370755;0.25683489840767365;0.2408749511037777;
-5.525525525525525;0.2572906182308178;0.241340518535555;0.25729061823081784;0.24135550391383737;
-5.521521521521521;0.257746338053962;0.24182078593403444;0.257746338053962;0.24183605672389702;
-5.5175175175175175;0.2582020578771061;0.2423010533325138;0.2582020578771061;0.24231660953395656;
-5.513513513513514;0.25865777770025017;0.24278132073099318;0.2586577777002502;0.2427962893188338;
-5.50950950950951;0.25911349752339435;0.24326158812947268;0.2591134975233944;0.24327572548275606;
-5.505505505505505;0.25956921734653854;0.24374185552795213;0.2595692173465386;0.24375516164667832;
-5.501501501501501;0.2600249371696828;0.24422212292643158;0.2600249371696828;0.24423459781060053;
-5.4974974974974975;0.26048065699282685;0.24470239032491098;0.2604806569928269;0.2447140339745227;
-5.493493493493494;0.2609363768159709;0.24518265772339035;0.260936376815971;0.24519347013844486;
-5.48948948948949;0.2613920966391151;0.24566292512186982;0.2613920966391152;0.24567290630236713;
-5.485485485485485;0.2618478164622593;0.24614319252034927;0.2618478164622594;0.24615234246628936;
-5.481481481481481;0.2623035362854035;0.24662345991882875;0.2623035362854036;0.24663177863021163;
-5.4774774774774775;0.2627592561085476;0.24710372731730815;0.26275925610854767;0.24711121479413378;
-5.473473473473474;0.2632149759316917;0.24758399471578751;0.2632149759316918;0.24759065095805594;
-5.46946946946947;0.2636706957548359;0.248064262114267;0.263670695754836;0.2480700871219782;
-5.465465465465465;0.2641264155779801;0.24854452951274644;0.2641264155779802;0.24854952328590046;
-5.461461461461461;0.2645821354011243;0.24902479691122592;0.2645821354011244;0.24902895944982273;
-5.4574574574574575;0.26503785522426837;0.24950506430970532;0.2650378552242685;0.2495082581619916;
-5.453453453453454;0.2654935750474125;0.24998533170818468;0.26549357504741256;0.24998657492715476;
-5.44944944944945;0.2659492948705567;0.25046559910666416;0.26594929487055674;0.250464891692318;
-5.445445445445445;0.2664050146937009;0.2509434665922484;0.266405014693701;0.2509432084574813;
-5.441441441441441;0.26686073451684506;0.2514206777074966;0.26686073451684517;0.2514215252226446;
-5.4374374374374375;0.2673164543399892;0.2518978888227447;0.2673164543399893;0.2518998419878078;
-5.433433433433434;0.26777217416313326;0.2523750999379928;0.26777217416313337;0.252378158752971;
-5.42942942942943;0.2682278939862775;0.252852311053241;0.26822789398627755;0.2528564755181342;
-5.425425425425425;0.2686836138094217;0.2533295221684892;0.26868361380942174;0.2533347922832975;
-5.421421421421421;0.26913933363256587;0.25380673328373743;0.2691393336325659;0.2538131090484608;
-5.4174174174174174;0.26959505345571;0.2542839443989855;0.26959505345571005;0.254291425813624;
-5.413413413413414;0.2700507732788541;0.2547611555142336;0.27005077327885413;0.25476974257878715;
-5.40940940940941;0.27050649310199826;0.2552383666294818;0.27050649310199837;0.25524805934395045;
-5.405405405405405;0.27096221292514244;0.25571557774473;0.27096221292514255;0.25572637610911375;
-5.401401401401401;0.2714179327482866;0.2561927888599782;0.27141793274828674;0.25620469287427705;
-5.397397397397397;0.27187365257143076;0.2566699999752263;0.27187365257143087;0.2566830096394402;
-5.393393393393394;0.2723293723945749;0.2571472110904744;0.27232937239457494;0.2571610325935755;
-5.38938938938939;0.27278509221771907;0.25762442220572257;0.2727850922177191;0.25763822903414035;
-5.385385385385385;0.27324081204086326;0.2581016333209708;0.2732408120408633;0.25811542547470523;
-5.381381381381381;0.27369653186400744;0.25857884443621904;0.27369653186400755;0.2585926219152701;
-5.377377377377377;0.2741522516871515;0.2590560555514671;0.27415225168715157;0.25906981835583487;
-5.373373373373374;0.27460797151029565;0.25953326666671517;0.2746079715102957;0.2595470147963996;
-5.36936936936937;0.27506369133343983;0.2600104777819634;0.2750636913334399;0.26002421123696445;
-5.365365365365365;0.275519411156584;0.26048768889721163;0.27551941115658407;0.26050140767752933;
-5.361361361361361;0.27597513097972826;0.26096490001245976;0.27597513097972826;0.26097860411809415;
-5.357357357357357;0.27643085080287233;0.26144211112770793;0.2764308508028724;0.2614558005586589;
-5.353353353353354;0.2768865706260164;0.261919322242956;0.27688657062601646;0.2619329969992237;
-5.34934934934935;0.2773422904491606;0.26239653335820423;0.27734229044916064;0.26241019343978855;
-5.345345345345345;0.27779801027230483;0.2628737444734524;0.2777980102723049;0.26288738988035343;
-5.341341341341341;0.278253730095449;0.2633509555887006;0.278253730095449;0.26336458632091825;
-5.337337337337337;0.2787094499185931;0.2638281667039487;0.27870944991859314;0.26384178276148307;
-5.333333333333334;0.2791651697417372;0.26430537781919683;0.2791651697417372;0.2643189792020478;
-5.32932932932933;0.2796208895648814;0.264782588934445;0.2796208895648814;0.2647961756426126;
-5.325325325325325;0.2800766093880256;0.2652598000496932;0.2800766093880256;0.2652732978197337;
-5.321321321321321;0.2805323292111698;0.2657370111649414;0.2805323292111698;0.2657493749993098;
-5.317317317317317;0.2809880490343139;0.26621422228018954;0.2809880490343139;0.26622545217888577;
-5.313313313313314;0.28144376885745803;0.2666914333954376;0.281443768857458;0.2667015293584618;
-5.3093093093093096;0.28189948868060216;0.26716864451068584;0.28189948868060216;0.2671776065380379;
-5.305305305305305;0.2823552085037464;0.267645855625934;0.28235520850374635;0.267653683717614;
-5.301301301301301;0.2828109283268906;0.26812306674118225;0.28281092832689053;0.2681297608971901;
-5.297297297297297;0.28326664815003466;0.2686002778564303;0.28326664815003466;0.2686058380767661;
-5.293293293293294;0.2837223679731788;0.26907748897167844;0.28372236797317874;0.26908191525634206;
-5.2892892892892895;0.284178087796323;0.2695547000869266;0.2841780877963229;0.26955799243591816;
-5.285285285285285;0.2846338076194672;0.27003191120217485;0.2846338076194671;0.27003406961549425;
-5.281281281281281;0.28508952744261135;0.270509122317423;0.2850895274426113;0.27051014679507035;
-5.277277277277277;0.2855452472657555;0.2709863334326711;0.2855452472657554;0.27098622397464633;
-5.273273273273274;0.28600096708889955;0.2714635445479192;0.2860009670888995;0.2714623011542223;
-5.2692692692692695;0.28645668691204373;0.27193987855148444;0.2864566869120437;0.2719383783337984;
-5.265265265265265;0.2869124067351879;0.2724143380322297;0.28691240673518786;0.2724144555133745;
-5.261261261261261;0.28736812655833216;0.27288879751297496;0.28736812655833205;0.2728905326929506;
-5.257257257257257;0.28782384638147623;0.2733632569937201;0.2878238463814761;0.2733666098725266;
-5.253253253253254;0.28827956620462036;0.27383771647446525;0.28827956620462025;0.2738426870521026;
-5.2492492492492495;0.28873528602776455;0.27431217595521057;0.28873528602776444;0.27431833752285273;
-5.245245245245245;0.28919100585090873;0.27478663543595583;0.2891910058509086;0.27479329866232366;
-5.241241241241241;0.289646725674053;0.2752610949167011;0.28964672567405286;0.27526825980179465;
-5.237237237237237;0.29010244549719705;0.27573555439744624;0.29010244549719694;0.27574322094126547;
-5.233233233233234;0.2905581653203411;0.2762100138781914;0.290558165320341;0.27621818208073634;
-5.2292292292292295;0.2910138851434853;0.2766844733589367;0.2910138851434852;0.2766931432202073;
-5.225225225225225;0.2914696049666295;0.27715893283968196;0.29146960496662944;0.27716810435967826;
-5.221221221221221;0.29192532478977373;0.2776333923204273;0.2919253247897736;0.27764306549914924;
-5.217217217217217;0.2923810446129178;0.2781078518011724;0.29238104461291775;0.27811802663862006;
-5.213213213213214;0.2928367644360619;0.27858231128191757;0.29283676443606177;0.27859298777809094;
-5.2092092092092095;0.2932924842592061;0.27905677076266283;0.293292484259206;0.2790679489175619;
-5.205205205205205;0.29374820408235025;0.2795312302434081;0.2937482040823502;0.27954291005703286;
-5.201201201201201;0.29420392390549444;0.2800056897241534;0.29420392390549444;0.2800178711965038;
-5.197197197197197;0.29465964372863857;0.28048014920489855;0.2946596437286385;0.28049283233597466;
-5.193193193193194;0.29511536355178264;0.2809546086856437;0.2951153635517826;0.28096779347544554;
-5.1891891891891895;0.2955710833749268;0.281429068166389;0.29557108337492677;0.28144275461491647;
-5.185185185185185;0.29602680319807106;0.2819035276471343;0.29602680319807095;0.28191771575438745;
-5.181181181181181;0.2964825230212152;0.28237798712787954;0.2964825230212152;0.28239267689385844;
-5.177177177177177;0.2969382428443593;0.28285244660862474;0.29693824284435927;0.28286763803332926;
-5.173173173173174;0.2973939626675034;0.2833269060893699;0.2973939626675034;0.28334259917280014;
-5.1691691691691695;0.2978496824906476;0.28380136557011515;0.2978496824906476;0.2838175209771935;
-5.165165165165165;0.2983054023137918;0.28427582505086046;0.29830540231379177;0.28429137162627827;
-5.161161161161161;0.29876112213693595;0.28475028453160567;0.29876112213693595;0.28476522227536305;
-5.157157157157157;0.2992168419600801;0.2852247440123509;0.2992168419600801;0.2852390729244477;
-5.153153153153154;0.29967256178322416;0.285699203493096;0.29967256178322416;0.2857129235735324;
-5.1491491491491495;0.30012828160636834;0.2861736629738413;0.30012828160636834;0.2861867742226172;
-5.145145145145145;0.3005840014295125;0.2866481224545866;0.3005840014295125;0.28666062487170196;
-5.141141141141141;0.3010397212526567;0.28712258193533186;0.3010397212526567;0.2871344755207868;
-5.137137137137137;0.3014954410758008;0.287597041416077;0.30149544107580084;0.2876083261698714;
-5.133133133133134;0.3019511608989449;0.2880715008968222;0.3019511608989449;0.2880821768189561;
-5.129129129129129;0.3024068807220891;0.28854596037756747;0.3024068807220891;0.2885560274680409;
-5.125125125125125;0.3028626005452333;0.2890204198583127;0.30286260054523334;0.28902987811712566;
-5.121121121121121;0.30331832036837747;0.289494879339058;0.30331832036837747;0.2895037287662105;
-5.117117117117117;0.3037740401915216;0.2899693388198032;0.3037740401915216;0.2899775794152952;
-5.113113113113114;0.3042297600146657;0.29044379830054834;0.3042297600146657;0.29045143006437985;
-5.109109109109109;0.3046854798378098;0.2909182577812936;0.3046854798378099;0.29092528071346463;
-5.105105105105105;0.3051411996609541;0.29139271726203886;0.3051411996609541;0.2913991313625494;
-5.101101101101101;0.3055969194840982;0.2918671767427842;0.30559691948409823;0.2918729820116342;
-5.097097097097097;0.30605263930724236;0.2923416362235293;0.30605263930724236;0.2923468326607189;
-5.093093093093094;0.30650835913038643;0.2928160957042745;0.30650835913038643;0.2928206833098036;
-5.089089089089089;0.3069640789535306;0.2932905551850198;0.3069640789535306;0.2932945339588884;
-5.085085085085085;0.3074197987766748;0.29376501466576505;0.3074197987766748;0.29376838460797317;
-5.081081081081081;0.307875518599819;0.2942394741465103;0.307875518599819;0.29424223525705795;
-5.077077077077077;0.30833123842296306;0.2947139336272555;0.30833123842296306;0.2947151765537373;
-5.073073073073074;0.3087869582461072;0.29518839310800066;0.30878695824610713;0.2951879247644074;
-5.069069069069069;0.3092426780692513;0.2956613119976445;0.3092426780692513;0.29566067297507775;
-5.065065065065065;0.30969839789239556;0.29613329782623776;0.3096983978923955;0.2961334211857481;
-5.061061061061061;0.31015411771553975;0.296605283654831;0.3101541177155397;0.2966061693964184;
-5.057057057057057;0.3106098375386838;0.2970772694834242;0.31060983753868376;0.29707891760708854;
-5.053053053053053;0.311065557361828;0.29754925531201754;0.31106555736182795;0.2975516658177589;
-5.049049049049049;0.31152127718497213;0.2980212411406107;0.3115212771849721;0.29802441402842905;
-5.045045045045045;0.3119769970081163;0.29849322696920394;0.3119769970081162;0.2984971622390994;
-5.041041041041041;0.3124327168312605;0.29896521279779725;0.3124327168312604;0.29896991044976967;
-5.037037037037037;0.3128884366544046;0.2994371986263904;0.3128884366544045;0.29944265866043984;
-5.033033033033033;0.31334415647754876;0.2999091844549837;0.3133441564775487;0.2999154068711102;
-5.029029029029029;0.31379987630069284;0.30038117028357686;0.3137998763006928;0.30038815508178035;
-5.025025025025025;0.314255596123837;0.3008531561121701;0.31425559612383697;0.30086090329245063;
-5.021021021021021;0.31471131594698126;0.30132514194076343;0.31471131594698115;0.30133365150312097;
-5.017017017017017;0.31516703577012534;0.3017971277693566;0.3151670357701253;0.30180639971379114;
-5.013013013013013;0.3156227555932695;0.30226911359794983;0.31562275559326947;0.3022791479244615;
-5.009009009009009;0.31607847541641365;0.30274109942654304;0.31607847541641354;0.30275189613513165;
-5.005005005005005;0.31653419523955784;0.30321308525513635;0.3165341952395577;0.303224644345802;
-5.001001001001001;0.316989915062702;0.3036850710837296;0.3169899150627019;0.30369739255647227;
-4.996996996996997;0.3174456348858461;0.30415705691232275;0.317445634885846;0.30417014076714244;
-4.992992992992993;0.3179013547089903;0.30462904274091607;0.31790135470899017;0.3046428889778128;
-4.988988988988989;0.31835707453213435;0.30510102856950916;0.31835707453213424;0.305115637188483;
-4.984984984984985;0.31881279435527854;0.30557301439810247;0.31881279435527843;0.3055883853991533;
-4.980980980980981;0.3192685141784227;0.3060450002266958;0.3192685141784226;0.3060605666334892;
-4.976976976976977;0.31972423400156685;0.30651698605528893;0.3197242340015667;0.30653222313281536;
-4.972972972972973;0.320179953824711;0.30698897188388224;0.3201799538247109;0.30700387963214165;
-4.968968968968969;0.32063567364785517;0.3074609577124754;0.32063567364785495;0.30747553613146783;
-4.964964964964965;0.3210913934709993;0.3079329435410687;0.32109139347099913;0.3079471926307941;
-4.960960960960961;0.32154711329414354;0.30840492936966196;0.3215471132941433;0.3084188491301204;
-4.956956956956957;0.3220028331172876;0.3088769151982551;0.32200283311728745;0.30889050562944653;
-4.952952952952953;0.3224585529404318;0.3093489010268484;0.32245855294043163;0.3093621621287729;
-4.948948948948949;0.32291427276357587;0.30982088685544157;0.32291427276357576;0.309833818628099;
-4.944944944944945;0.32336999258672006;0.3102928726840348;0.3233699925867199;0.3103054751274253;
-4.940940940940941;0.3238257124098643;0.31076485851262814;0.3238257124098641;0.3107771316267516;
-4.936936936936937;0.32428143223300837;0.3112368443412213;0.32428143223300815;0.31124878812607776;
-4.932932932932933;0.32473715205615256;0.31170883016981454;0.3247371520561524;0.31172044462540405;
-4.928928928928929;0.32519287187929663;0.31218081599840775;0.32519287187929646;0.3121921011247302;
-4.924924924924925;0.3256485917024408;0.31265280182700106;0.32564859170244065;0.3126637576240565;
-4.920920920920921;0.32610431152558506;0.3131247876555943;0.32610431152558483;0.31313541412338275;
-4.916916916916917;0.32656003134872913;0.31359677348418746;0.32656003134872896;0.3136070706227089;
-4.912912912912913;0.3270157511718733;0.3140687593127808;0.32701575117187315;0.3140787271220352;
-4.908908908908909;0.32747147099501733;0.3145407451413739;0.3274714709950172;0.31455038362136145;
-4.904904904904905;0.3279271908181616;0.3150127309699672;0.3279271908181614;0.3150220401206877;
-4.900900900900901;0.3283829106413057;0.3154847167985605;0.32838291064130565;0.315493696620014;
-4.896896896896897;0.32883863046444983;0.31595670262715364;0.3288386304644497;0.31596535311934015;
-4.892892892892893;0.329294350287594;0.31642868845574695;0.3292943502875939;0.3164370096186664;
-4.888888888888889;0.3297500701107381;0.3169006742843401;0.329750070110738;0.3169086661179926;
-4.884884884884885;0.3302057899338823;0.3173726601129334;0.33020578993388217;0.31738032261731886;
-4.880880880880881;0.33066150975702646;0.31784464594152667;0.33066150975702635;0.3178519791166452;
-4.876876876876877;0.3311172295801706;0.3183166317701198;0.3311172295801705;0.3183236356159713;
-4.872872872872873;0.3315729494033147;0.31878861759871313;0.33157294940331467;0.3187943741655002;
-4.868868868868869;0.33202866922645885;0.3192606034273063;0.33202866922645874;0.3192649525248546;
-4.864864864864865;0.33248438904960304;0.31973258925589954;0.332484389049603;0.31973553088420903;
-4.8608608608608606;0.3329401088727472;0.32020457508449285;0.33294010887274716;0.3202061092435634;
-4.856856856856857;0.33339582869589135;0.32067656091308605;0.33339582869589124;0.32067668760291773;
-4.852852852852853;0.33385154851903553;0.32114854674167925;0.3338515485190354;0.32114726596227217;
-4.848848848848849;0.3343072683421796;0.32162053257027245;0.3343072683421795;0.3216178443216265;
-4.844844844844845;0.3347629881653238;0.3220905936418701;0.3347629881653237;0.3220884226809809;
-4.8408408408408405;0.335218707988468;0.32256036046949027;0.33521870798846787;0.32255900104033536;
-4.836836836836837;0.33567442781161205;0.32303012729711034;0.335674427811612;0.3230295793996896;
-4.832832832832833;0.33613014763475624;0.32349989412473057;0.3361301476347562;0.32350015775904406;
-4.828828828828829;0.33658586745790037;0.32396966095235064;0.33658586745790026;0.32397073611839833;
-4.824824824824825;0.3370415872810445;0.32443942777997087;0.33704158728104444;0.3244413144777528;
-4.8208208208208205;0.33749730710418874;0.32490919460759105;0.3374973071041886;0.3249118928371072;
-4.816816816816817;0.33795302692733287;0.32537896143521117;0.33795302692733276;0.3253824711964616;
-4.812812812812813;0.338408746750477;0.32584872826283134;0.33840874675047694;0.32585304955581595;
-4.808808808808809;0.33886446657362107;0.3263184950904514;0.338864466573621;0.32632362791517033;
-4.804804804804805;0.3393201863967653;0.32678826191807164;0.3393201863967652;0.3267942062745247;
-4.8008008008008005;0.3397759062199095;0.3272580287456919;0.33977590621990944;0.32726478463387915;
-4.796796796796797;0.34023162604305357;0.32772779557331194;0.34023162604305346;0.32773536299323347;
-4.792792792792793;0.34068734586619775;0.3281975624009321;0.3406873458661977;0.3282059413525879;
-4.788788788788789;0.34114306568934183;0.32866732922855224;0.3411430656893418;0.3286765197119422;
-4.784784784784785;0.341598785512486;0.3291370960561724;0.341598785512486;0.3291470980712966;
-4.7807807807807805;0.3420545053356302;0.3296068628837926;0.34205450533563014;0.3296176764306511;
-4.776776776776776;0.3425102251587744;0.33007662971141283;0.34251022515877433;0.3300882547900055;
-4.772772772772773;0.34296594498191846;0.3305463965390329;0.34296594498191846;0.33055883314935974;
-4.768768768768769;0.3434216648050626;0.331016163366653;0.34342166480506253;0.3310294115087141;
-4.764764764764765;0.3438773846282068;0.3314859301942732;0.3438773846282067;0.3314999898680685;
-4.7607607607607605;0.3443331044513509;0.33195569702189337;0.3443331044513509;0.331970568227423;
-4.756756756756756;0.34478882427449514;0.33242546384951366;0.3447888242744951;0.3324406045450297;
-4.752752752752753;0.3452445440976392;0.33289523067713367;0.3452445440976392;0.33291012134182874;
-4.748748748748749;0.3457002639207833;0.3333649975047538;0.3457002639207833;0.33337963813862775;
-4.744744744744745;0.34615598374392753;0.33383476433237397;0.3461559837439275;0.33384915493542694;
-4.7407407407407405;0.3466117035670717;0.3343045311599942;0.34661170356707166;0.33431867173222607;
-4.736736736736736;0.3470674233902159;0.3347742979876144;0.3470674233902159;0.33478818852902525;
-4.732732732732733;0.34752314321336;0.3352440648152345;0.34752314321336;0.3352577053258242;
-4.728728728728729;0.34797886303650405;0.3357138316428545;0.34797886303650405;0.3357272221226233;
-4.724724724724725;0.34843458285964823;0.33618359847047474;0.34843458285964823;0.3361967389194224;
-4.7207207207207205;0.3488903026827924;0.336653365298095;0.3488903026827924;0.33666625571622155;
-4.716716716716716;0.3493460225059366;0.33712313212571515;0.3493460225059366;0.33713577251302074;
-4.712712712712713;0.3498017423290807;0.3375928989533352;0.34980174232908073;0.33760528930981976;
-4.708708708708709;0.35025746215222475;0.33806266578095534;0.35025746215222486;0.33807480610661883;
-4.704704704704705;0.35071318197536894;0.3385324326085755;0.350713181975369;0.33854432290341796;
-4.7007007007007005;0.35116890179851323;0.33900219943619575;0.35116890179851323;0.33901383970021715;
-4.696696696696696;0.3516246216216574;0.3394719662638159;0.3516246216216574;0.3394833564970162;
-4.692692692692693;0.3520803414448015;0.33994173309143605;0.3520803414448015;0.3399528732938153;
-4.688688688688689;0.35253606126794557;0.3404114999190561;0.35253606126794557;0.34042239009061437;
-4.684684684684685;0.35299178109108975;0.3408812667466763;0.35299178109108975;0.34089190688741344;
-4.68068068068068;0.3534475009142339;0.3413510335742965;0.35344750091423394;0.34136142368421263;
-4.676676676676676;0.3539032207373781;0.34182080040191676;0.3539032207373782;0.34183094048101176;
-4.672672672672673;0.3543589405605222;0.3422905672295368;0.35435894056052225;0.34230045727781083;
-4.668668668668669;0.35481466038366627;0.3427603340571569;0.3548146603836664;0.34276997407460985;
-4.664664664664665;0.35527038020681045;0.34323010088477707;0.35527038020681057;0.343239490871409;
-4.66066066066066;0.35572610002995464;0.3436998677123973;0.35572610002995475;0.3437090076682081;
-4.656656656656656;0.3561818198530988;0.34416963454001753;0.35618181985309894;0.3441785244650073;
-4.652652652652653;0.3566375396762429;0.3446394013676376;0.356637539676243;0.3446480412618063;
-4.648648648648649;0.3570932594993871;0.34510916819525767;0.3570932594993871;0.3451175580586054;
-4.644644644644645;0.3575489793225312;0.3455789350228779;0.3575489793225313;0.3455870748554045;
-4.64064064064064;0.3580046991456754;0.3460487018504981;0.35800469914567545;0.34605659165220365;
-4.636636636636636;0.3584604189688196;0.34651846867811825;0.35846041896881964;0.3465261084490028;
-4.632632632632633;0.3589161387919637;0.3469882355057383;0.35891613879196377;0.3469956252458018;
-4.628628628628629;0.3593718586151078;0.3474580023333585;0.3593718586151079;0.3474650012670204;
-4.624624624624625;0.35982757843825197;0.3479277691609786;0.359827578438252;0.34793347623434473;
-4.62062062062062;0.36028329826139616;0.34839753598859885;0.36028329826139627;0.34840195120166917;
-4.616616616616616;0.36073901808454034;0.3488673028162191;0.36073901808454045;0.34887042616899355;
-4.612612612612613;0.3611947379076844;0.34933706964383915;0.3611947379076845;0.3493389011363178;
-4.608608608608609;0.36165045773082855;0.3498068364714592;0.3616504577308286;0.34980737610364204;
-4.604604604604605;0.3621061775539727;0.35027660329907945;0.3621061775539728;0.3502758510709664;
-4.6006006006006;0.3625618973771169;0.3507463701266996;0.362561897377117;0.3507443260382908;
-4.596596596596596;0.3630176172002611;0.3512160208889868;0.36301761720026116;0.35121280100561514;
-4.592592592592593;0.36347333702340523;0.3516838027503682;0.3634733370234053;0.3516812759729394;
-4.588588588588589;0.36392905684654925;0.3521515846117497;0.36392905684654936;0.3521497509402637;
-4.584584584584585;0.3643847766696935;0.35261936647313125;0.36438477666969354;0.3526182259075881;
-4.58058058058058;0.3648404964928377;0.3530871483345128;0.3648404964928378;0.35308670087491245;
-4.576576576576576;0.36529621631598186;0.3535549301958944;0.36529621631598197;0.35355517584223684;
-4.5725725725725725;0.36575193613912593;0.35402271205727587;0.36575193613912604;0.3540236508095611;
-4.568568568568569;0.36620765596227;0.35449049391865733;0.3662076559622702;0.3544921257768854;
-4.564564564564565;0.36666337578541425;0.35495827578003886;0.36666337578541436;0.35496060074420976;
-4.56056056056056;0.36711909560855843;0.35542605764142055;0.36711909560855854;0.35542907571153415;
-4.556556556556556;0.3675748154317027;0.35589383950280207;0.36757481543170273;0.35589755067885853;
-4.5525525525525525;0.36803053525484664;0.35636162136418353;0.3680305352548468;0.3563660256461828;
-4.548548548548549;0.3684862550779908;0.356829403225565;0.3684862550779909;0.3568345006135071;
-4.544544544544545;0.368941974901135;0.3572971850869466;0.3689419749011351;0.35730297558083146;
-4.54054054054054;0.36939769472427914;0.35776496694832816;0.3693976947242793;0.35777145054815584;
-4.536536536536536;0.3698534145474234;0.3582327488097097;0.3698534145474235;0.3582399255154802;
-4.5325325325325325;0.37030913437056745;0.3587005306710912;0.37030913437056756;0.35870840048280445;
-4.528528528528529;0.3707648541937115;0.35916831253247267;0.3707648541937117;0.3591768754501287;
-4.524524524524525;0.37122057401685576;0.35963609439385424;0.3712205740168559;0.3596453504174531;
-4.52052052052052;0.37167629383999995;0.3601038762552358;0.3716762938400001;0.3601138253847775;
-4.516516516516516;0.3721320136631441;0.3605716581166174;0.3721320136631443;0.3605823003521018;
-4.5125125125125125;0.37258773348628826;0.36103943997799887;0.3725877334862884;0.3610507753194261;
-4.508508508508509;0.37304345330943234;0.36150722183938033;0.37304345330943245;0.3615192502867504;
-4.504504504504505;0.3734991731325765;0.3619750037007619;0.37349917313257663;0.36198772525407474;
-4.5005005005005;0.3739548929557207;0.3624427855621435;0.3739548929557208;0.3624562002213991;
-4.496496496496496;0.3744106127788649;0.36291056742352507;0.374410612778865;0.3629246751887235;
-4.4924924924924925;0.37486633260200897;0.36337834928490653;0.3748663326020091;0.3633931501560478;
-4.488488488488489;0.37532205242515304;0.363846131146288;0.3753220524251532;0.36386162512337206;
-4.484484484484485;0.3757777722482972;0.3643139130076696;0.3757777722482974;0.3643297927596856;
-4.48048048048048;0.37623349207144147;0.36478169486905115;0.37623349207144163;0.3647972489181776;
-4.476476476476476;0.3766892118945856;0.36524947673043273;0.3766892118945858;0.3652647050766696;
-4.4724724724724725;0.3771449317177297;0.3657172585918142;0.3771449317177299;0.36573216123516156;
-4.468468468468469;0.37760065154087386;0.36618504045319566;0.37760065154087397;0.3661996173936534;
-4.464464464464465;0.378056371364018;0.3666528223145773;0.37805637136401815;0.3666670735521455;
-4.46046046046046;0.3785120911871622;0.3671206041759588;0.37851209118716234;0.36713452971063754;
-4.456456456456456;0.3789678110103064;0.3675883860373404;0.3789678110103066;0.36760198586912957;
-4.4524524524524525;0.3794235308334505;0.36805616789872186;0.37942353083345065;0.3680694420276215;
-4.448448448448449;0.37987925065659456;0.36852394976010333;0.3798792506565947;0.36853689818611335;
-4.444444444444445;0.38033497047973874;0.3689917316214849;0.38033497047973897;0.36900435434460543;
-4.44044044044044;0.38079069030288293;0.3694595134828665;0.38079069030288315;0.36947181050309746;
-4.436436436436436;0.3812464101260271;0.36992729534424806;0.38124641012602734;0.36993926666158944;
-4.4324324324324325;0.3817021299491712;0.37039507720562953;0.3817021299491714;0.3704067228200814;
-4.428428428428429;0.3821578497723153;0.370862859067011;0.3821578497723155;0.37087417897857333;
-4.424424424424425;0.3826135695954595;0.3713306409283926;0.3826135695954597;0.3713416351370653;
-4.42042042042042;0.3830692894186037;0.37179842278977415;0.3830692894186039;0.3718090912955574;
-4.416416416416416;0.3835250092417479;0.37226620465115573;0.3835250092417481;0.37227654745404937;
-4.412412412412412;0.383980729064892;0.3727339865125372;0.38398072906489217;0.37274400361254134;
-4.408408408408409;0.3844364488880361;0.37320176837391866;0.38443644888803624;0.37321145977103326;
-4.404404404404405;0.38489216871118026;0.37366955023530024;0.3848921687111804;0.3736789159295253;
-4.4004004004004;0.38534788853432445;0.37413733209668176;0.38534788853432467;0.37414637208801726;
-4.396396396396396;0.38580360835746863;0.3746051139580634;0.38580360835746885;0.37461382824650935;
-4.392392392392392;0.3862593281806127;0.37507289581944486;0.3862593281806129;0.3750812844050012;
-4.388388388388389;0.38671504800375683;0.37554067768082633;0.38671504800375706;0.3755487405634932;
-4.384384384384385;0.387170767826901;0.3760084595422079;0.3871707678269012;0.3760161967219852;
-4.38038038038038;0.38762648765004526;0.3764762414035895;0.38762648765004537;0.37648365288047725;
-4.376376376376376;0.3880822074731894;0.3769440232649711;0.3880822074731896;0.3769511090389692;
-4.372372372372372;0.38853792729633346;0.37741180512635253;0.38853792729633374;0.3774185651974612;
-4.368368368368369;0.3889936471194776;0.37787958698773405;0.3889936471194778;0.3778860213559531;
-4.364364364364365;0.3894493669426218;0.3783473688491156;0.389449366942622;0.37835347751444515;
-4.36036036036036;0.38990508676576596;0.37881515071049715;0.3899050867657662;0.3788209336729371;
-4.356356356356356;0.39036080658891015;0.37928293257187873;0.39036080658891037;0.3792883898314292;
-4.352352352352352;0.3908165264120542;0.3797507144332602;0.3908165264120545;0.3797558459899211;
-4.348348348348349;0.39127224623519835;0.38021849629464166;0.3912722462351985;0.38022330214841304;
-4.344344344344345;0.39172796605834254;0.38068627815602324;0.3917279660583427;0.3806907583069051;
-4.34034034034034;0.3921836858814867;0.3811540600174048;0.39218368588148694;0.3811582144653971;
-4.336336336336336;0.3926394057046309;0.3816218418787864;0.3926394057046311;0.38162567062388913;
-4.332332332332332;0.393095125527775;0.38208962374016786;0.3930951255277752;0.38209312678238105;
-4.328328328328329;0.39355084535091905;0.3825574056015493;0.3935508453509192;0.382560582940873;
-4.324324324324325;0.3940065651740633;0.3830251874629309;0.3940065651740635;0.3830275302099458;
-4.32032032032032;0.3944622849972075;0.3834929693243125;0.3944622849972077;0.38349399397538636;
-4.316316316316316;0.39491800482035166;0.38396075118569406;0.39491800482035183;0.38396045774082693;
-4.312312312312312;0.3953737246434958;0.3844285330470755;0.39537372464349596;0.3844269215062674;
-4.308308308308309;0.3958294444666398;0.38489454749346685;0.39582944446664003;0.3848933852717078;
-4.3043043043043046;0.39628516428978405;0.38536055999551927;0.3962851642897842;0.3853598490371484;
-4.3003003003003;0.3967408841129282;0.3858265724975717;0.3967408841129284;0.385826312802589;
-4.296296296296296;0.3971966039360724;0.38629258499962404;0.3971966039360726;0.38629277656802957;
-4.292292292292292;0.3976523237592165;0.3867585975016764;0.39765232375921666;0.38675924033347003;
-4.288288288288289;0.39810804358236057;0.3872246100037287;0.3981080435823608;0.38722570409891055;
-4.2842842842842845;0.3985637634055048;0.3876906225057811;0.3985637634055049;0.3876921678643511;
-4.28028028028028;0.39901948322864894;0.38815663500783354;0.39901948322864916;0.38815863162979164;
-4.276276276276276;0.3994752030517932;0.38862264750988595;0.39947520305179335;0.3886250953952322;
-4.272272272272272;0.39993092287493726;0.38908866001193826;0.3999309228749375;0.38909155916067273;
-4.268268268268269;0.4003866426980814;0.38955467251399056;0.40038664269808155;0.3895580229261132;
-4.2642642642642645;0.4008423625212255;0.390020685016043;0.40084236252122574;0.39002448669155376;
-4.26026026026026;0.40129808234436976;0.3904866975180954;0.4012980823443699;0.39049095045699433;
-4.256256256256256;0.40175380216751394;0.39095271002014786;0.4017538021675141;0.3909574142224349;
-4.252252252252252;0.402209521990658;0.3914187225222001;0.4022095219906582;0.3914238779878754;
-4.248248248248249;0.40266524181380214;0.3918847350242525;0.40266524181380225;0.39189034175331583;
-4.2442442442442445;0.40312096163694633;0.3923507475263049;0.40312096163694644;0.3923568055187564;
-4.24024024024024;0.4035766814600905;0.3928167600283573;0.4035766814600906;0.392823269284197;
-4.236236236236236;0.4040324012832347;0.3932827725304098;0.40403240128323487;0.3932897330496376;
-4.232232232232232;0.4044881211063788;0.393748785032462;0.40448812110637894;0.393756196815078;
-4.228228228228229;0.40494384092952285;0.3942147975345144;0.40494384092952307;0.3942226605805185;
-4.2242242242242245;0.40539956075266703;0.3946808100365668;0.4053995607526672;0.3946891243459591;
-4.22022022022022;0.4058552805758113;0.3951468225386192;0.4058552805758114;0.3951555881113997;
-4.216216216216216;0.40631100039895546;0.39561283504067163;0.4063110003989556;0.3956220518768403;
-4.212212212212212;0.40676672022209953;0.39607884754272393;0.4067667202220997;0.39608851564228076;
-4.208208208208209;0.40722244004524366;0.39654486004477624;0.40722244004524377;0.3965549794077212;
-4.2042042042042045;0.40767815986838785;0.39701087254682865;0.40767815986838796;0.3970214431731618;
-4.2002002002002;0.40813387969153203;0.39747688504888107;0.40813387969153214;0.39748790693860236;
-4.196196196196196;0.4085895995146762;0.3979428975509335;0.4085895995146763;0.39795437070404294;
-4.192192192192192;0.40904531933782035;0.39840891005298584;0.4090453193378204;0.3984208344694834;
-4.188188188188189;0.4095010391609644;0.3988749225550381;0.4095010391609645;0.39888729823492386;
-4.1841841841841845;0.4099567589841086;0.3993409350570905;0.4099567589841087;0.39935376200036443;
-4.18018018018018;0.4104124788072528;0.3998069475591429;0.4104124788072529;0.399820225765805;
-4.176176176176176;0.410868198630397;0.4002729600611954;0.41086819863039703;0.4002866895312456;
-4.172172172172172;0.41132391845354105;0.4007389725632477;0.41132391845354116;0.40075315329668604;
-4.168168168168169;0.4117796382766852;0.4012049850653;0.41177963827668523;0.40121961706212655;
-4.1641641641641645;0.41223535809982936;0.4016709975673525;0.4122353580998295;0.4016860808275671;
-4.16016016016016;0.41269107792297355;0.40213701006940483;0.41269107792297366;0.4021525445930077;
-4.156156156156156;0.41314679774611773;0.4026030225714573;0.4131467977461178;0.4026190083584482;
-4.152152152152152;0.41360251756926186;0.40306903507350955;0.4136025175692619;0.40308547212388873;
-4.148148148148149;0.41405823739240594;0.4035350475755619;0.41405823739240605;0.4035517612864518;
-4.1441441441441444;0.4145139572155501;0.4040010600776143;0.4145139572155502;0.40401726254539133;
-4.14014014014014;0.41496967703869436;0.40446707257966674;0.41496967703869436;0.40448276380433085;
-4.136136136136136;0.41542539686183855;0.40493308508171916;0.4154253968618386;0.40494826506327036;
-4.132132132132132;0.41588111668498257;0.40539909758377146;0.4158811166849827;0.40541376632220977;
-4.128128128128129;0.4163368365081267;0.40586511008582377;0.41633683650812675;0.4058792675811492;
-4.124124124124124;0.4167925563312709;0.4063311225878762;0.41679255633127094;0.4063447688400887;
-4.12012012012012;0.41724827615441507;0.40679713508992865;0.4172482761544151;0.40681027009902826;
-4.116116116116116;0.41770399597755925;0.407263147591981;0.4177039959775593;0.4072757713579678;
-4.112112112112112;0.41815971580070344;0.40772916009403337;0.41815971580070344;0.4077412726169072;
-4.108108108108109;0.4186154356238474;0.4081951725960856;0.4186154356238475;0.4082067738758466;
-4.104104104104104;0.4190711554469917;0.4086611850981381;0.4190711554469917;0.4086722751347861;
-4.1001001001001;0.4195268752701359;0.40912719760019056;0.4195268752701359;0.40913777639372556;
-4.096096096096096;0.41998259509328006;0.4095932101022429;0.41998259509328006;0.40960327765266513;
-4.092092092092092;0.42043831491642414;0.4100592226042952;0.4204383149164242;0.4100687789116045;
-4.088088088088089;0.42089403473956827;0.41052523510634753;0.42089403473956827;0.41053428017054394;
-4.084084084084084;0.4213497545627125;0.4109912476084;0.42134975456271245;0.4109997814294834;
-4.08008008008008;0.4218054743858567;0.41145726011045236;0.42180547438585664;0.411465282688423;
-4.076076076076076;0.4222611942090009;0.4119232726125048;0.4222611942090008;0.4119307839473625;
-4.072072072072072;0.42271691403214495;0.4123892851145571;0.4227169140321449;0.4123962852063019;
-4.068068068068069;0.423172633855289;0.41285529761660944;0.423172633855289;0.4128617864652413;
-4.064064064064064;0.4236283536784332;0.4133213101186619;0.4236283536784332;0.4133272877241808;
-4.06006006006006;0.4240840735015774;0.41378732262071427;0.4240840735015774;0.41379278898312033;
-4.056056056056056;0.4245397933247216;0.4142533351227667;0.4245397933247216;0.41425829024205985;
-4.052052052052052;0.4249955131478657;0.414719347624819;0.42499551314786566;0.41472379150099925;
-4.048048048048049;0.4254512329710098;0.41518536012687135;0.42545123297100973;0.41518929275993866;
-4.044044044044044;0.42590695279415397;0.4156513726289237;0.4259069527941539;0.41565479401887817;
-4.04004004004004;0.42636267261729816;0.4161173851309762;0.4263626726172981;0.4161202952778177;
-4.036036036036036;0.4268183924404424;0.4165833976330286;0.4268183924404424;0.4165857965367572;
-4.032032032032032;0.42727411226358647;0.4170494101350809;0.42727411226358636;0.4170512977956966;
-4.028028028028028;0.42772983208673065;0.4175154226371333;0.42772983208673065;0.4175167990546361;
-4.024024024024024;0.42818555190987473;0.4179814351391856;0.42818555190987473;0.4179823003135755;
-4.02002002002002;0.4286412717330189;0.41844744764123804;0.42864127173301886;0.41844780157251504;
-4.016016016016016;0.42909699155616315;0.41891346014329045;0.4290969915561631;0.4189133028314546;
-4.012012012012012;0.4295527113793073;0.41937947264534275;0.4295527113793072;0.419378804090394;
-4.008008008008008;0.43000843120245147;0.4198454851473952;0.43000843120245136;0.4198443053493335;
-4.004004004004004;0.4304641510255955;0.42031149764944753;0.43046415102559543;0.4203098066082729;
-4.0;0.4309198708487397;0.42077751015149994;0.4309198708487397;0.42077530786721246;
