-1.0;0.7901408779798207;0.4778325123152709;0.4768866727624138;
-0.9959919839679359;0.7905614373425864;0.4798661362133133;0.479167383832791;
-0.9919839679358717;0.7909819967053523;0.48189976011135577;0.48137180680230424;
-0.9879759519038076;0.7914025560681182;0.48393338400939817;0.4835762297718174;
-0.9839679358717435;0.7918231154308841;0.4859670079074406;0.48578065274133064;
-0.9799599198396793;0.79224367479365;0.4880006318054829;0.4879850757108438;
-0.9759519038076152;0.792664234156416;0.4900342557035253;0.490189498680357;
-0.9719438877755511;0.7930847935191818;0.4920678796015677;0.4923939216498702;
-0.9679358717434869;0.7935053528819476;0.49410150349961013;0.49459834461938346;
-0.9639278557114228;0.7939259122447135;0.49613512739765253;0.49680276758889663;
-0.9599198396793587;0.7943464716074795;0.49816875129569493;0.4990071905584098;
-0.9559118236472945;0.7947670309702454;0.5002023751937373;0.5012116135279231;
-0.9519038076152304;0.7951875903330113;0.5022359990917797;0.5034160364974363;
-0.9478957915831663;0.7956081496957772;0.504269622989822;0.5056204594669496;
-0.9438877755511023;0.7960287090585431;0.5063032468878644;0.5078248824364626;
-0.9398797595190381;0.7964492684213089;0.5083368707859068;0.5100293054059759;
-0.935871743486974;0.7968698277840748;0.5103704946839492;0.5122337283754891;
-0.9318637274549099;0.7972903871468406;0.5124041185819916;0.5144381513450023;
-0.9278557114228457;0.7977109465096066;0.514437742480034;0.516600492703192;
-0.9238476953907816;0.7981315058723725;0.5164713663780764;0.5186304620295725;
-0.9198396793587175;0.7985520652351384;0.5185049902761187;0.5206604313559532;
-0.9158316633266533;0.7989726245979043;0.5205386141741611;0.5226904006823337;
-0.9118236472945892;0.7993931839606702;0.5225722380722035;0.5247203700087142;
-0.9078156312625251;0.7998137433234362;0.5246058619702461;0.5267503393350949;
-0.9038076152304609;0.8002343026862021;0.5266394858682885;0.5287803086614753;
-0.8997995991983968;0.800654862048968;0.5286731097663308;0.530810277987856;
-0.8957915831663327;0.8010754214117339;0.5307067336643732;0.5328402473142365;
-0.8917835671342685;0.8014959807744997;0.5327403575624156;0.5348702166406171;
-0.8877755511022044;0.8019165401372655;0.534773981460458;0.5369001859669977;
-0.8837675350701403;0.8023370995000314;0.5368076053585004;0.5389301552933783;
-0.8797595190380761;0.8027576588627974;0.5388412292565428;0.5409601246197588;
-0.875751503006012;0.8031782182255631;0.5408748531545852;0.5429900939461394;
-0.8717434869739479;0.8035987775883291;0.5429084770526276;0.54502006327252;
-0.8677354709418837;0.8040193369510951;0.5449421009506699;0.5470500325989005;
-0.8637274549098196;0.8044398963138608;0.5469757248487123;0.5490800019252812;
-0.8597194388777555;0.8048604556766268;0.5490093487467547;0.5510489754953778;
-0.8557114228456915;0.8052810150393928;0.551042972644797;0.5529065239143803;
-0.8517034068136273;0.8057015744021586;0.5530765965428395;0.554764072333383;
-0.8476953907815632;0.8061221337649245;0.5551102204408818;0.5566216207523855;
-0.8436873747494991;0.8065426931276903;0.5571438443389242;0.5584791691713882;
-0.8396793587174349;0.8069632524904562;0.5591774682369666;0.5603367175903908;
-0.8356713426853708;0.8073838118532222;0.5612110921350089;0.5621942660093935;
-0.8316633266533067;0.8078043712159881;0.5632447160330514;0.5640518144283961;
-0.8276553106212425;0.808224930578754;0.5652783399310937;0.5659093628473987;
-0.8236472945891784;0.8086454899415199;0.5673119638291362;0.5677669112664013;
-0.8196392785571143;0.8090660493042858;0.5693455877271785;0.569624459685404;
-0.8156312625250501;0.8094866086670517;0.5713792116252209;0.5714820081044066;
-0.811623246492986;0.8099071680298175;0.5734128355232633;0.5733395565234092;
-0.8076152304609219;0.8103277273925835;0.5754464594213057;0.5751971049424118;
-0.8036072144288577;0.8107482867553494;0.5774800833193481;0.5770546533614145;
-0.7995991983967936;0.8111688461181152;0.5795137072173904;0.5789122017804171;
-0.7955911823647295;0.8115894054808812;0.5815473311154329;0.5807697501994197;
-0.7915831663326653;0.812009964843647;0.5835809550134752;0.5825109686756668;
-0.7875751503006012;0.8124305242064129;0.5856145789115176;0.584206706141084;
-0.7835671342685371;0.8128510835691788;0.58764820280956;0.5859024436065013;
-0.779559118236473;0.8132716429319446;0.5896818267076024;0.5875981810719186;
-0.7755511022044088;0.8136922022947106;0.5917154506056448;0.5892939185373358;
-0.7715430861723447;0.8141127616574765;0.5937490745036871;0.5909896560027532;
-0.7675350701402806;0.8145333210202423;0.5957826984017295;0.5926853934681705;
-0.7635270541082164;0.8149538803830083;0.597816322299772;0.5943811309335878;
-0.7595190380761523;0.8153744397457742;0.5998499461978143;0.596076868399005;
-0.7555110220440882;0.81579499910854;0.6018835700958567;0.5977726058644224;
-0.751503006012024;0.816215558471306;0.6039171939938991;0.5994683433298397;
-0.7474949899799599;0.8166361178340719;0.6059508178919415;0.601164080795257;
-0.7434869739478958;0.8170566771968378;0.6079844417899839;0.6028598182606743;
-0.7394789579158316;0.8174772365596037;0.6100180656880263;0.6045555557260914;
-0.7354709418837675;0.8178977959223696;0.6120516895860686;0.6062512931915088;
-0.7314629258517034;0.8183183552851354;0.6140853134841111;0.6079470306569261;
-0.7274549098196392;0.8187389146479014;0.6161189373821534;0.6096248425264857;
-0.7234468937875751;0.8191594740106672;0.6181525612801959;0.6111772655244377;
-0.719438877755511;0.8195800333734331;0.6201861851782382;0.6127296885223898;
-0.7154308617234469;0.8200005927361991;0.6222198090762806;0.6142821115203416;
-0.7114228456913828;0.8204211520989649;0.624253432974323;0.6158345345182937;
-0.7074148296593187;0.8208417114617308;0.6262870568723654;0.6173869575162458;
-0.7034068136272545;0.8212622708244968;0.6283206807704078;0.6189393805141978;
-0.6993987975951904;0.8216828301872625;0.6303543046684501;0.6204918035121498;
-0.6953907815631263;0.8221033895500285;0.6323879285664925;0.6220442265101018;
-0.6913827655310621;0.8225239489127943;0.6344215524645349;0.6235966495080539;
-0.687374749498998;0.8229445082755602;0.6364551763625773;0.625149072506006;
-0.6833667334669339;0.8233650676383262;0.6384888002606197;0.626701495503958;
-0.6793587174348698;0.823785627001092;0.640522424158662;0.62825391850191;
-0.6753507014028056;0.8242061863638579;0.6425560480567045;0.6298063414998621;
-0.6713426853707415;0.8246267457266239;0.6445896719547468;0.6313587644978141;
-0.6673346693386774;0.8250473050893897;0.6466232958527892;0.6329111874957662;
-0.6633266533066133;0.8254678644521556;0.6486569197508316;0.6344636104937182;
-0.6593186372745492;0.8258884238149216;0.650690543648874;0.6359679388895365;
-0.6553106212424851;0.8263089831776873;0.6527241675469163;0.6373779598183124;
-0.6513026052104209;0.8267295425404533;0.6547577914449588;0.6387879807470883;
-0.6472945891783568;0.8271501019032192;0.6567914153430011;0.6401980016758643;
-0.6432865731462927;0.827570661265985;0.6588250392410435;0.6416080226046401;
-0.6392785571142285;0.827991220628751;0.6608586631390859;0.6430180435334161;
-0.6352705410821644;0.8284117799915169;0.6628922870371283;0.644428064462192;
-0.6312625250501003;0.8288323393542827;0.6649259109351708;0.645838085390968;
-0.6272545090180361;0.8292528987170487;0.6669595348332131;0.6472481063197439;
-0.623246492985972;0.8296734580798146;0.6689931587312555;0.6486581272485198;
-0.6192384769539079;0.8300940174425804;0.6710267826292979;0.6500681481772957;
-0.6152304609218437;0.8305145768053463;0.6730604065273402;0.6514781691060717;
-0.6112224448897796;0.8309351361681123;0.6750940304253826;0.6528881900348477;
-0.6072144288577155;0.8313556955308781;0.677127654323425;0.6542982109636235;
-0.6032064128256514;0.831776254893644;0.6791612782214675;0.6557082318923995;
-0.5991983967935872;0.83219681425641;0.6811949021195098;0.6571182528211754;
-0.5951903807615231;0.8326173736191758;0.6832285260175521;0.6585282737499514;
-0.591182364729459;0.8330379329819417;0.6852621499155946;0.6599065038864251;
-0.5871743486973948;0.8334584923447075;0.6872957738136369;0.6611948444466212;
-0.5831663326653307;0.8338790517074735;0.6893293977116794;0.6624831850068172;
-0.5791583166332666;0.8342996110702394;0.6913630216097217;0.6637715255670134;
-0.5751503006012024;0.8347201704330052;0.6933966455077641;0.6650598661272094;
-0.5711422845691383;0.8351407297957711;0.6954302694058065;0.6663482066874055;
-0.5671342685370742;0.8355612891585371;0.697463893303849;0.6676365472476016;
-0.56312625250501;0.8359818485213029;0.6994975172018914;0.6689248878077976;
-0.5591182364729459;0.8364024078840688;0.7015311410999336;0.6702132283679936;
-0.5551102204408818;0.8368229672468348;0.7035647649979762;0.6715015689281898;
-0.5511022044088176;0.8372435266096006;0.7055983888960184;0.6727899094883858;
-0.5470941883767535;0.8376640859723665;0.707632012794061;0.6740782500485818;
-0.5430861723446894;0.8380846453351325;0.7096656366921033;0.6753665906087779;
-0.5390781563126252;0.8385052046978982;0.7116992605901458;0.6766549311689739;
-0.5350701402805611;0.8389257640606642;0.7137328844881881;0.67794327172917;
-0.531062124248497;0.8393463234234302;0.7157665083862305;0.679231612289366;
-0.5270541082164328;0.8397668827861959;0.7178001322842729;0.6805199528495621;
-0.5230460921843687;0.8401874421489619;0.7198337561823153;0.6818082934097582;
-0.5190380761523046;0.8406080015117278;0.7218673800803577;0.6830286557090948;
-0.5150300601202404;0.8410285608744936;0.7239010039784001;0.684216137023571;
-0.5110220440881764;0.8414491202372596;0.7259346278764425;0.685403618338047;
-0.5070140280561123;0.8418696796000253;0.7279682517744848;0.6865910996525233;
-0.5030060120240482;0.8422902389627913;0.7300018756725273;0.6877785809669994;
-0.498997995991984;0.8427107983255573;0.7320354995705696;0.6889660622814756;
-0.4949899799599199;0.843131357688323;0.7340691234686121;0.6901535435959518;
-0.49098196392785576;0.843551917051089;0.7361027473666544;0.691341024910428;
-0.4869739478957916;0.843972476413855;0.7381363712646969;0.6925285062249043;
-0.4829659318637275;0.8443930357766207;0.7401699951627392;0.6937159875393805;
-0.47895791583166336;0.8448135951393867;0.7422036190607816;0.6949034688538567;
-0.47494989979959923;0.8452341545021527;0.744237242958824;0.6960909501683328;
-0.4709418837675351;0.8456547138649184;0.7462708668568664;0.697278431482809;
-0.46693386773547096;0.8460752732276844;0.7483044907549088;0.6984659127972852;
-0.46292585170340683;0.8464958325904504;0.7503381146529511;0.6996533941117613;
-0.4589178356713427;0.8469163919532161;0.7523717385509936;0.7008408754262376;
-0.45490981963927857;0.8473369513159821;0.7544053624490359;0.7020283567407138;
-0.45090180360721444;0.8477575106787479;0.7564389863470784;0.7032158380551901;
-0.4468937875751503;0.8481780700415138;0.7584726102451207;0.7043646453776066;
-0.44288577154308617;0.8485986294042798;0.7605062341431632;0.7054434658317431;
-0.43887775551102204;0.8490191887670456;0.7625398580412055;0.7065222862858795;
-0.434869739478958;0.8494397481298115;0.7645734819392478;0.7076011067400162;
-0.4308617234468939;0.8498603074925775;0.7666071058372903;0.7086799271941525;
-0.42685370741482975;0.8502808668553432;0.7686407297353327;0.7097587476482892;
-0.4228456913827656;0.8507014262181092;0.7706743536333751;0.7108375681024257;
-0.4188376753507015;0.8511219855808752;0.7727079775314175;0.7119163885565623;
-0.41482965931863736;0.8515425449436409;0.7747416014294599;0.7129952090106987;
-0.4108216432865732;0.8519631043064069;0.7767752253275023;0.7140740294648353;
-0.4068136272545091;0.8523836636691728;0.7788088492255446;0.7151528499189719;
-0.40280561122244496;0.8528042230319386;0.7808424731235871;0.7162316703731084;
-0.3987975951903808;0.8532247823947046;0.7828760970216294;0.7173104908272449;
-0.3947895791583167;0.8536453417574705;0.7849097209196718;0.7183893112813814;
-0.39078156312625256;0.8540659011202363;0.7869433448177142;0.7194681317355179;
-0.38677354709418843;0.8544864604830023;0.7889769687157566;0.7205469521896544;
-0.3827655310621243;0.8549070198457682;0.791010592613799;0.721625772643791;
-0.37875751503006017;0.855327579208534;0.7930409135982317;0.7227045930979275;
-0.37474949899799603;0.8557481385712999;0.7950531745018935;0.723783413552064;
-0.3707414829659319;0.8561686979340658;0.7970654354055553;0.7248393305029853;
-0.36673346693386777;0.8565892572968317;0.799077696309217;0.725831915437297;
-0.36272545090180364;0.8570098166595976;0.8010899572128788;0.7268245003716084;
-0.3587174348697395;0.8574303760223635;0.8031022181165407;0.72781708530592;
-0.35470941883767537;0.8578509353851294;0.8051144790202025;0.7288096702402316;
-0.35070140280561124;0.8582714947478953;0.8071267399238643;0.7298022551745431;
-0.3466933867735471;0.8586920541106612;0.809139000827526;0.7307948401088546;
-0.342685370741483;0.859112613473427;0.8111512617311878;0.7317874250431662;
-0.33867735470941884;0.859533172836193;0.8131635226348496;0.7327800099774777;
-0.3346693386773547;0.8599537321989589;0.8151757835385113;0.7337725949117894;
-0.3306613226452907;0.8603742915617247;0.8171880444421731;0.7347651798461008;
-0.32665330661322656;0.8607948509244907;0.8192003053458348;0.7357577647804124;
-0.3226452905811624;0.8612154102872566;0.8212125662494967;0.736750349714724;
-0.3186372745490983;0.8616359696500224;0.8232248271531585;0.7377429346490355;
-0.31462925851703416;0.8620565290127884;0.8252370880568203;0.7387355195833472;
-0.31062124248497003;0.8624770883755541;0.8272493489604821;0.7397281045176587;
-0.3066132264529059;0.8628976477383201;0.8292616098641439;0.7407206894519702;
-0.30260521042084176;0.863318207101086;0.8312738707678056;0.7417132743862818;
-0.29859719438877763;0.863738766463852;0.8332861316714675;0.7427058593205933;
-0.2945891783567135;0.8641593258266178;0.8352983925751292;0.7436984442549048;
-0.29058116232464937;0.8645798851893837;0.8373106534787911;0.7446793068107217;
-0.28657314629258523;0.8650004445521495;0.8393229143824528;0.7455955214500373;
-0.2825651302605211;0.8654210039149155;0.8413351752861145;0.7465117360893525;
-0.27855711422845697;0.8658415632776814;0.8433474361897764;0.747427950728668;
-0.27454909819639284;0.8662621226404472;0.8453596970934382;0.7483441653679834;
-0.2705410821643287;0.8666826820032132;0.8473719579971;0.7492603800072989;
-0.2665330661322646;0.867103241365979;0.8493842189007617;0.7501765946466143;
-0.26252505010020044;0.867523800728745;0.8513964798044235;0.7510928092859297;
-0.2585170340681363;0.8679443600915109;0.8534087407080853;0.752009023925245;
-0.2545090180360722;0.8683649194542767;0.8554210016117472;0.7529252385645604;
-0.25050100200400804;0.8687854788170426;0.8574332625154089;0.7538414532038757;
-0.2464929859719439;0.8692060381798085;0.8594455234190707;0.7547576678431913;
-0.24248496993987978;0.8696265975425744;0.8614577843227325;0.7556738824825067;
-0.23847695390781565;0.8700471569053404;0.8634700452263943;0.756590097121822;
-0.23446893787575152;0.8704677162681062;0.865482306130056;0.7575063117611376;
-0.2304609218436875;0.8708882756308721;0.8674945670337177;0.7584225264004528;
-0.22645290581162336;0.871308834993638;0.8695068279373795;0.7593387410397683;
-0.22244488977955923;0.8717293943564038;0.8715190888410413;0.7602549556790837;
-0.2184368737474951;0.8721499537191698;0.8721499537191691;0.7611711703183991;
-0.21442885771543096;0.8725705130819357;0.8725705130819351;0.7620873849577146;
-0.21042084168336683;0.8729910724447015;0.8729910724447011;0.7630035995970299;
-0.2064128256513027;0.8734116318074675;0.873411631807467;0.7639198142363453;
-0.20240480961923857;0.8738321911702334;0.8738321911702328;0.7647737661751635;
-0.19839679358717444;0.8742527505329992;0.8742527505329987;0.7656153202606362;
-0.1943887775551103;0.8746733098957652;0.8746733098957646;0.7664568743461088;
-0.19038076152304617;0.875093869258531;0.8750938692585306;0.7672984284315816;
-0.18637274549098204;0.8755144286212969;0.8755144286212964;0.7681399825170543;
-0.1823647294589179;0.8759349879840628;0.8759349879840622;0.768981536602527;
-0.17835671342685377;0.8763555473468286;0.8763555473468281;0.7698230906879997;
-0.17434869739478964;0.8767761067095946;0.876776106709594;0.7706646447734724;
-0.1703406813627255;0.8771966660723606;0.87719666607236;0.7715061988589451;
-0.16633266533066138;0.8776172254351263;0.877617225435126;0.7723477529444178;
-0.16232464929859725;0.8780377847978923;0.8780377847978917;0.7731893070298905;
-0.1583166332665331;0.8784583441606583;0.8784583441606577;0.7740308611153632;
-0.15430861723446898;0.878878903523424;0.8788789035234237;0.7748724152008359;
-0.15030060120240485;0.87929946288619;0.8792994628861894;0.7757139692863086;
-0.14629258517034072;0.879720022248956;0.8797200222489554;0.7765555233717814;
-0.14228456913827658;0.8801405816117218;0.8801405816117212;0.7773970774572541;
-0.13827655310621245;0.8805611409744877;0.8805611409744871;0.7782386315427268;
-0.13426853707414832;0.8809817003372534;0.8809817003372531;0.7790801856281995;
-0.1302605210420842;0.8814022597000194;0.881402259700019;0.7799217397136723;
-0.12625250501002017;0.8818228190627854;0.8818228190627848;0.780763293799145;
-0.12224448897795603;0.8822433784255511;0.8822433784255508;0.7816048478846177;
-0.1182364729458919;0.8826639377883171;0.8826639377883166;0.7824464019700903;
-0.11422845691382777;0.883084497151083;0.8830844971510825;0.7832781186109725;
-0.11022044088176364;0.8835050565138489;0.8835050565138485;0.7840570798944907;
-0.1062124248496995;0.8839256158766148;0.8839256158766144;0.7848360411780088;
-0.10220440881763537;0.8843461752393806;0.8843461752393802;0.7856150024615268;
-0.09819639278557124;0.8847667346021466;0.8847667346021462;0.786393963745045;
-0.09418837675350711;0.8851872939649124;0.8851872939649121;0.7871729250285631;
-0.09018036072144298;0.8856078533276782;0.8856078533276779;0.7879518863120811;
-0.08617234468937884;0.8860284126904442;0.886028412690444;0.7887308475955993;
-0.08216432865731471;0.88644897205321;0.8864489720532098;0.7895098088791175;
-0.07815631262525058;0.8868695314159759;0.8868695314159758;0.7902887701626355;
-0.07414829659318645;0.8872900907787418;0.8872900907787415;0.7910677314461536;
-0.07014028056112231;0.8877106501415077;0.8877106501415075;0.7918466927296717;
-0.06613226452905818;0.8881312095042736;0.8881312095042735;0.7926256540131899;
-0.06212424849699405;0.8885517688670395;0.8885517688670392;0.793404615296708;
-0.05811623246492992;0.8889723282298054;0.8889723282298052;0.7941835765802261;
-0.054108216432865786;0.8893928875925712;0.8893928875925712;0.7949625378637442;
-0.05010020040080165;0.8898134469553372;0.889813446955337;0.7957414991472622;
-0.04609218436873752;0.8902340063181031;0.8902340063181029;0.7965204604307804;
-0.04208416833667339;0.890654565680869;0.8906545656808689;0.7972994217142986;
-0.038076152304609256;0.8910751250436348;0.8910751250436347;0.7980783829978166;
-0.034068136272545124;0.8914956844064007;0.8914956844064007;0.7988573442813348;
-0.030060120240480992;0.8919162437691667;0.8919162437691666;0.7996363055648529;
-0.02605210420841686;0.8923368031319325;0.8923368031319325;0.800415266848371;
-0.02204408817635284;0.8927573624946983;0.8927573624946984;0.801194228131889;
-0.018036072144288706;0.8931779218574643;0.8931779218574641;0.8019731894154072;
-0.014028056112224574;0.8935984812202301;0.8935984812202301;0.8027036580922222;
-0.010020040080160442;0.8940190405829961;0.894019040582996;0.8034272333446876;
-0.006012024048096309;0.8944395999457618;0.8944395999457618;0.804150808597153;
-0.002004008016032177;0.8948601593085278;0.8948601593085277;0.8048743838496184;
0.002004008016031955;0.8952807186712938;0.8952807186712937;0.805597959102084;
0.006012024048096087;0.8957012780340596;0.8957012780340595;0.8063215343545493;
0.01002004008016022;0.8961218373968255;0.8961218373968254;0.8070451096070148;
0.014028056112224352;0.8965423967595914;0.8965423967595914;0.8077686848594802;
0.018036072144288484;0.8969629561223573;0.8969629561223572;0.8084922601119456;
0.022044088176352616;0.8973835154851233;0.8973835154851231;0.809215835364411;
0.02605210420841675;0.8978040748478889;0.8978040748478889;0.8099394106168765;
0.03006012024048088;0.898224634210655;0.8982246342106549;0.8106629858693419;
0.03406813627254501;0.8986451935734208;0.8986451935734208;0.8113865611218074;
0.038076152304609145;0.8990657529361866;0.8990657529361865;0.8121101363742728;
0.04208416833667328;0.8994863122989526;0.8994863122989525;0.8128337116267381;
0.04609218436873741;0.8999068716617185;0.8999068716617183;0.8135572868792036;
0.05010020040080154;0.9003274310244844;0.9003274310244843;0.8142808621316691;
0.054108216432865675;0.9007479903872502;0.9007479903872502;0.8150044373841345;
0.05811623246492981;0.9011685497500161;0.901168549750016;0.8157280126365999;
0.06212424849699394;0.9015891091127821;0.9015891091127819;0.8164515878890652;
0.06613226452905807;0.9020096684755479;0.9020096684755478;0.8171751631415307;
0.0701402805611222;0.9024302278383138;0.9024302278383136;0.8178987383939962;
0.07414829659318634;0.9028507872010797;0.9028507872010796;0.8186223136464617;
0.07815631262525047;0.9032713465638456;0.9032713465638454;0.8193458888989271;
0.0821643286573146;0.9036919059266115;0.9036919059266113;0.8200694641513925;
0.08617234468937873;0.9041124652893773;0.9041124652893772;0.8207930394038578;
0.09018036072144286;0.9045330246521434;0.904533024652143;0.8214821791765883;
0.094188376753507;0.9049535840149091;0.9049535840149089;0.8221594421514384;
0.09819639278557113;0.905374143377675;0.905374143377675;0.8228367051262886;
0.10220440881763526;0.9057947027404409;0.9057947027404407;0.8235139681011389;
0.1062124248496994;0.9062152621032067;0.9062152621032066;0.824191231075989;
0.11022044088176353;0.9066358214659727;0.9066358214659725;0.8248684940508392;
0.11422845691382766;0.9070563808287385;0.9070563808287384;0.8255457570256893;
0.11823647294589179;0.9074769401915045;0.9074769401915044;0.8262230200005395;
0.12224448897795592;0.9078974995542703;0.9078974995542702;0.8269002829753895;
0.12625250501002006;0.9083180589170362;0.9083180589170362;0.8275775459502398;
0.13026052104208397;0.9087386182798021;0.9087386182798018;0.8282548089250898;
0.1342685370741481;0.9091591776425679;0.9091591776425678;0.82893207189994;
0.13827655310621223;0.9095797370053339;0.9095797370053338;0.8296093348747902;
0.14228456913827636;0.9100002963680998;0.9100002963680995;0.8302865978496404;
0.1462925851703405;0.9104208557308656;0.9104208557308655;0.8309638608244905;
0.15030060120240463;0.9108414150936316;0.9108414150936315;0.8316411237993406;
0.15430861723446876;0.9112619744563974;0.9112619744563972;0.8323183867741908;
0.1583166332665329;0.9116825338191633;0.9116825338191632;0.832995649749041;
0.16232464929859702;0.9121030931819292;0.9121030931819292;0.8336729127238911;
0.16633266533066116;0.9125236525446951;0.912523652544695;0.8343501756987413;
0.1703406813627253;0.9129442119074611;0.9129442119074609;0.8350274386735914;
0.17434869739478942;0.9133647712702269;0.9133647712702267;0.8357047016484417;
0.17835671342685355;0.9137853306329928;0.9137853306329926;0.8363819646232917;
0.18236472945891768;0.9142058899957586;0.9142058899957586;0.837059227598142;
0.18637274549098182;0.9146264493585246;0.9146264493585244;0.8377364905729922;
0.19038076152304595;0.9150470087212904;0.9150470087212903;0.8384137535478422;
0.19438877755511008;0.9154675680840563;0.9154675680840563;0.8390910165226925;
0.1983967935871742;0.9158881274468222;0.9158881274468221;0.8397682794975426;
0.20240480961923835;0.9163086868095881;0.916308686809588;0.8404264184897697;
0.20641282565130248;0.916729246172354;0.916729246172354;0.8410622464847047;
0.2104208416833666;0.9171498055351199;0.9171498055351198;0.8416980744796396;
0.21442885771543074;0.9175703648978857;0.9175703648978857;0.8423339024745746;
0.21843687374749488;0.9179909242606517;0.9179909242606515;0.8429697304695096;
0.222444889779559;0.9184114836234175;0.9184114836234175;0.8436055584644445;
0.22645290581162314;0.9188320429861834;0.9188320429861835;0.8442413864593795;
0.23046092184368727;0.9192526023489493;0.9192526023489492;0.8448772144543145;
0.2344689378757514;0.9196731617117151;0.9196731617117151;0.8455130424492494;
0.23847695390781554;0.9200937210744812;0.9200937210744811;0.8461488704441844;
0.24248496993987967;0.920514280437247;0.9205142804372469;0.8467846984391194;
0.2464929859719438;0.9209348398000129;0.9209348398000128;0.8474205264340544;
0.25050100200400793;0.9213553991627788;0.9213553991627786;0.8480563544289894;
0.25450901803607207;0.9217759585255447;0.9217759585255447;0.8486921824239244;
0.2585170340681362;0.9221965178883105;0.9221965178883105;0.8493280104188593;
0.26252505010020033;0.9226170772510764;0.9226170772510764;0.8499638384137944;
0.26653306613226446;0.9230376366138422;0.9230376366138422;0.8505996664087293;
0.2705410821643286;0.9234581959766082;0.9234581959766082;0.8512354944036643;
0.2745490981963927;0.9238787553393741;0.923878755339374;0.8518713223985992;
0.27855711422845686;0.92429931470214;0.9242993147021399;0.8525071503935342;
0.282565130260521;0.9247198740649059;0.9247198740649056;0.8531429783884692;
0.2865731462925851;0.9251404334276718;0.9251404334276717;0.8537788063834042;
0.29058116232464926;0.9255609927904377;0.9255609927904376;0.8544146343783391;
0.2945891783567134;0.9259815521532035;0.9259815521532034;0.8550504623732741;
0.2985971943887775;0.9264021115159694;0.9264021115159693;0.8556862903682092;
0.30260521042084165;0.9268226708787353;0.9268226708787353;0.8563221183631441;
0.3066132264529058;0.9272432302415012;0.9272432302415011;0.856957946358079;
0.3106212424849699;0.927663789604267;0.927663789604267;0.857593774353014;
0.31462925851703405;0.928084348967033;0.928084348967033;0.858229602347949;
0.3186372745490982;0.9285049083297988;0.9285049083297988;0.858865430342884;
0.3226452905811623;0.9289254676925647;0.9289254676925647;0.8595012583378189;
0.32665330661322645;0.9293460270553306;0.9293460270553305;0.8601095594539199;
0.3306613226452906;0.9297665864180966;0.9297665864180964;0.8607070400774136;
0.3346693386773545;0.9301871457808624;0.9301871457808623;0.8613045207009075;
0.3386773547094186;0.9306077051436283;0.9306077051436281;0.8619020013244014;
0.34268537074148275;0.9310282645063942;0.931028264506394;0.8624994819478953;
0.3466933867735469;0.9314488238691601;0.9314488238691598;0.8630969625713891;
0.350701402805611;0.9318693832319259;0.9318693832319258;0.863694443194883;
0.35470941883767515;0.9322899425946918;0.9322899425946917;0.8642919238183768;
0.3587174348697393;0.9327105019574577;0.9327105019574575;0.8648894044418708;
0.3627254509018034;0.9331310613202235;0.9331310613202235;0.8654868850653646;
0.36673346693386755;0.9335516206829896;0.9335516206829894;0.8660843656888585;
0.3707414829659317;0.9339721800457554;0.9339721800457552;0.8666818463123525;
0.3747494989979958;0.9343927394085212;0.9343927394085212;0.8672793269358461;
0.37875751503005994;0.9348132987712872;0.934813298771287;0.8678768075593402;
0.3827655310621241;0.935233858134053;0.9352338581340529;0.868474288182834;
0.3867735470941882;0.9356544174968189;0.9356544174968189;0.8690717688063279;
0.39078156312625234;0.9360749768595849;0.9360749768595849;0.8696692494298217;
0.3947895791583165;0.9364955362223507;0.9364955362223507;0.8702667300533156;
0.3987975951903806;0.9369160955851166;0.9369160955851166;0.8708642106768094;
0.40280561122244474;0.9373366549478825;0.9373366549478824;0.8714616913003034;
0.40681362725450887;0.9377572143106483;0.9377572143106484;0.8720591719237971;
0.410821643286573;0.9381777736734143;0.9381777736734145;0.8726566525472911;
0.41482965931863713;0.93859833303618;0.9385983330361802;0.873254133170785;
0.41883767535070127;0.9390188923989462;0.939018892398946;0.8738516137942788;
0.4228456913827654;0.939439451761712;0.939439451761712;0.8744490944177727;
0.42685370741482953;0.9398600111244779;0.939860011124478;0.8750465750412666;
0.43086172344689366;0.9402805704872437;0.9402805704872438;0.8756440556647604;
0.4348697394789578;0.9407011298500096;0.9407011298500096;0.8762415362882543;
0.4388777555110219;0.9411216892127754;0.9411216892127756;0.8768390169117481;
0.44288577154308606;0.9415422485755414;0.9415422485755416;0.877436497535242;
0.4468937875751502;0.9419628079383073;0.9419628079383074;0.878033978158736;
0.4509018036072143;0.9423833673010731;0.9423833673010733;0.8786314587822297;
0.45490981963927846;0.942803926663839;0.9428039266638393;0.8792289394057237;
0.4589178356713426;0.9432244860266049;0.943224486026605;0.8798214521582788;
0.4629258517034067;0.9436450453893708;0.943645045389371;0.8803889512422692;
0.46693386773547085;0.9440656047521367;0.944065604752137;0.8809564503262598;
0.470941883767535;0.9444861641149027;0.9444861641149028;0.8815239494102504;
0.4749498997995991;0.9449067234776685;0.9449067234776687;0.8820914484942408;
0.47895791583166325;0.9453272828404344;0.9453272828404347;0.8826589475782314;
0.4829659318637274;0.9457478422032002;0.9457478422032005;0.8832264466622218;
0.4869739478957915;0.9461684015659662;0.9461684015659665;0.8837939457462123;
0.49098196392785565;0.9465889609287319;0.9465889609287323;0.8843614448302028;
0.4949899799599198;0.947009520291498;0.9470095202914983;0.8849289439141933;
0.4989979959919839;0.9474300796542638;0.9474300796542642;0.8854964429981839;
0.503006012024048;0.9478506390170298;0.94785063901703;0.8860639420821743;
0.5070140280561122;0.9482711983797956;0.948271198379796;0.8866314411661649;
0.5110220440881763;0.9486917577425615;0.9486917577425618;0.8871989402501554;
0.5150300601202404;0.9491123171053274;0.9491123171053277;0.8877664393341458;
0.5190380761523046;0.9495328764680933;0.9495328764680937;0.8883339384181363;
0.5230460921843687;0.9499534358308592;0.9499534358308596;0.8889014375021269;
0.5270541082164328;0.9503739951936251;0.9503739951936254;0.8894689365861173;
0.531062124248497;0.950794554556391;0.9507945545563914;0.8900364356701078;
0.5350701402805611;0.9512151139191568;0.9512151139191573;0.8906039347540984;
0.539078156312625;0.9516356732819227;0.9516356732819231;0.8911714338380888;
0.5430861723446891;0.9520562326446885;0.952056232644689;0.8917389329220794;
0.5470941883767533;0.9524767920074544;0.9524767920074548;0.8923064320060698;
0.5511022044088174;0.9528973513702204;0.9528973513702207;0.8928739310900604;
0.5551102204408815;0.9533179107329862;0.9533179107329866;0.8934414301740509;
0.5591182364729457;0.9537384700957521;0.9537384700957525;0.8940089292580413;
0.5631262525050098;0.9541590294585179;0.9541590294585184;0.8945764283420319;
0.5671342685370739;0.9545795888212838;0.9545795888212842;0.8951439274260224;
0.5711422845691381;0.9550001481840498;0.9550001481840501;0.8957114265100128;
0.5751503006012022;0.9554207075468156;0.9554207075468162;0.8962789255940034;
0.5791583166332663;0.9558412669095815;0.9558412669095819;0.8968464246779939;
0.5831663326653305;0.9562618262723475;0.9562618262723479;0.8974139237619844;
0.5871743486973946;0.9566823856351132;0.9566823856351137;0.8979814228459748;
0.5911823647294587;0.9571029449978792;0.9571029449978796;0.8985489219299654;
0.5951903807615229;0.9575235043606452;0.9575235043606454;0.899116421013956;
0.599198396793587;0.9579440637234109;0.9579440637234113;0.8996839200979464;
0.6032064128256511;0.9583646230861769;0.9583646230861773;0.9002514191819369;
0.6072144288577153;0.9587851824489428;0.9587851824489433;0.9008106823781044;
0.6112224448897794;0.9592057418117086;0.959205741811709;0.9013541468069423;
0.6152304609218435;0.9596263011744746;0.959626301174475;0.9018976112357803;
0.6192384769539077;0.9600468605372405;0.960046860537241;0.9024410756646184;
0.6232464929859718;0.9604674199000063;0.9604674199000067;0.9029845400934563;
0.6272545090180359;0.9608879792627723;0.9608879792627727;0.9035280045222942;
0.6312625250501;0.9613085386255382;0.9613085386255384;0.9040714689511322;
0.6352705410821642;0.961729097988304;0.9617290979883044;0.9046149333799701;
0.6392785571142283;0.9621496573510699;0.9621496573510704;0.905158397808808;
0.6432865731462925;0.9625702167138358;0.9625702167138361;0.905701862237646;
0.6472945891783566;0.9629907760766017;0.9629907760766021;0.906245326666484;
0.6513026052104207;0.9634113354393676;0.9634113354393679;0.9067887910953221;
0.6553106212424848;0.9638318948021335;0.9638318948021338;0.90733225552416;
0.659318637274549;0.9642524541648994;0.9642524541648998;0.9078757199529979;
0.6633266533066131;0.9646730135276652;0.9646730135276655;0.9084191843818359;
0.6673346693386772;0.9650935728904311;0.9650935728904315;0.9089626488106738;
0.6713426853707414;0.965514132253197;0.9655141322531975;0.9095061132395118;
0.6753507014028055;0.9659346916159629;0.9659346916159632;0.9100495776683499;
0.6793587174348696;0.9663552509787288;0.9663552509787292;0.9105930420971877;
0.6833667334669338;0.9667758103414946;0.966775810341495;0.9111365065260258;
0.6873747494989979;0.9671963697042605;0.967196369704261;0.9116799709548637;
0.691382765531062;0.9676169290670265;0.9676169290670269;0.9122234353837017;
0.6953907815631262;0.9680374884297923;0.9680374884297928;0.9127668998125398;
0.6993987975951903;0.9684580477925582;0.9684580477925586;0.9133103642413776;
0.7034068136272544;0.968878607155324;0.9688786071553245;0.9138538286702156;
0.7074148296593186;0.96929916651809;0.9692991665180904;0.9143972930990536;
0.7114228456913827;0.9697197258808559;0.9697197258808564;0.9149407575278915;
0.7154308617234468;0.9701402852436217;0.9701402852436222;0.9154842219567295;
0.719438877755511;0.9705608446063876;0.9705608446063881;0.9160276863855674;
0.7234468937875751;0.9709814039691536;0.970981403969154;0.9165711508144054;
0.7274549098196392;0.9714019633319193;0.97140196333192;0.9171146152432433;
0.7314629258517034;0.9718225226946853;0.9718225226946857;0.9176580796720815;
0.7354709418837675;0.9722430820574512;0.9722430820574517;0.9182015441009193;
0.7394789579158316;0.972663641420217;0.9726636414202176;0.9187450085297573;
0.7434869739478958;0.973084200782983;0.9730842007829834;0.9192884729585953;
0.7474949899799597;0.9735047601457489;0.9735047601457494;0.9198319373874332;
0.7515030060120238;0.9739253195085147;0.9739253195085151;0.9203754018162712;
0.7555110220440879;0.9743458788712807;0.9743458788712811;0.9209188662451091;
0.7595190380761521;0.9747664382340466;0.9747664382340469;0.9214623306739471;
0.7635270541082162;0.9751869975968124;0.9751869975968129;0.922005795102785;
0.7675350701402803;0.9756075569595783;0.9756075569595788;0.922549259531623;
0.7715430861723445;0.9760281163223442;0.9760281163223448;0.9230771234992766;
0.7755511022044086;0.9764486756851101;0.9764486756851105;0.9235991279094312;
0.7795591182364727;0.976869235047876;0.9768692350478765;0.9241211323195857;
0.7835671342685369;0.9772897944106419;0.9772897944106425;0.9246431367297401;
0.787575150300601;0.9777103537734078;0.9777103537734082;0.9251651411398948;
0.7915831663326651;0.9781309131361736;0.9781309131361742;0.9256871455500493;
0.7955911823647293;0.9785514724989395;0.97855147249894;0.9262091499602039;
0.7995991983967934;0.9789720318617053;0.9789720318617059;0.9267311543703585;
0.8036072144288575;0.9793925912244713;0.9793925912244718;0.927253158780513;
0.8076152304609217;0.9798131505872372;0.9798131505872377;0.9277751631906676;
0.8116232464929858;0.980233709950003;0.9802337099500036;0.9282971676008221;
0.8156312625250499;0.980654269312769;0.9806542693127696;0.9288191720109766;
0.819639278557114;0.9810748286755347;0.9810748286755355;0.9293411764211312;
0.8236472945891782;0.9814953880383007;0.9814953880383013;0.9298631808312858;
0.8276553106212423;0.9819159474010666;0.9819159474010672;0.9303851852414402;
0.8316633266533064;0.9823365067638324;0.9823365067638331;0.9309071896515949;
0.8356713426853706;0.9827570661265984;0.982757066126599;0.9314291940617494;
0.8396793587174347;0.9831776254893643;0.9831776254893648;0.931951198471904;
0.8436873747494988;0.9835981848521301;0.9835981848521307;0.9324732028820585;
0.847695390781563;0.984018744214896;0.9840187442148967;0.932995207292213;
0.8517034068136271;0.984439303577662;0.9844393035776626;0.9335172117023676;
0.8557114228456912;0.9848598629404278;0.9848598629404285;0.9340392161125222;
0.8597194388777554;0.9852804223031937;0.9852804223031943;0.9345612205226768;
0.8637274549098195;0.9857009816659597;0.9857009816659602;0.9350832249328312;
0.8677354709418836;0.9861215410287254;0.9861215410287262;0.9356052293429858;
0.8717434869739478;0.9865421003914914;0.986542100391492;0.9361272337531403;
0.8757515030060119;0.9869626597542573;0.986962659754258;0.9366492381632949;
0.879759519038076;0.9873832191170231;0.9873832191170238;0.9371712425734494;
0.8837675350701402;0.9878037784797891;0.9878037784797897;0.9376932469836039;
0.8877755511022043;0.988224337842555;0.9882243378425556;0.9382152513937586;
0.8917835671342684;0.9886448972053208;0.9886448972053216;0.9387372558039131;
0.8957915831663326;0.9890654565680868;0.9890654565680874;0.9392592602140677;
0.8997995991983967;0.9894860159308526;0.9894860159308532;0.9397812646242222;
0.9038076152304608;0.9899065752936185;0.9899065752936191;0.9403032690343768;
0.907815631262525;0.9903271346563844;0.9903271346563851;0.9408252734445314;
0.9118236472945891;0.9907476940191503;0.9907476940191509;0.9413472778546859;
0.9158316633266532;0.9911682533819162;0.9911682533819169;0.9418692822648405;
0.9198396793587174;0.9915888127446821;0.9915888127446827;0.9423912866749949;
0.9238476953907815;0.9920093721074479;0.9920093721074487;0.9429132910851495;
0.9278557114228456;0.9924299314702139;0.9924299314702145;0.9434352954953041;
0.9318637274549098;0.9928504908329797;0.9928504908329804;0.9439572999054586;
0.9358717434869739;0.9932710501957456;0.9932710501957462;0.9444793043156131;
0.939879759519038;0.9936916095585114;0.9936916095585122;0.9450013087257678;
0.9438877755511021;0.9941121689212774;0.994112168921278;0.9455233131359223;
0.9478957915831663;0.9945327282840433;0.9945327282840439;0.9460453175460768;
0.9519038076152302;0.9949532876468091;0.9949532876468097;0.9465545244484351;
0.9559118236472943;0.995373847009575;0.9953738470095758;0.9470592415346302;
0.9599198396793585;0.9957944063723408;0.9957944063723414;0.9475639586208252;
0.9639278557114226;0.9962149657351068;0.9962149657351076;0.9480686757070204;
0.9679358717434867;0.9966355250978727;0.9966355250978733;0.9485733927932154;
0.9719438877755509;0.9970560844606385;0.9970560844606393;0.9490781098794105;
0.975951903807615;0.9974766438234044;0.9974766438234051;0.9495828269656056;
0.9799599198396791;0.9978972031861704;0.997897203186171;0.9500875440518006;
0.9839679358717432;0.9983177625489362;0.9983177625489369;0.9505922611379958;
0.9879759519038074;0.9987383219117021;0.9987383219117028;0.9510969782241908;
0.9919839679358715;0.9991588812744681;0.9991588812744687;0.951601695310386;
0.9959919839679356;0.9995794406372339;0.9995794406372345;0.952106412396581;
1.0;0.9999999999999998;1.0000000000000004;0.952611129482776;
