1.0;0.9861038735914811;0.983745911582915;
1.0004008016032064;0.9862330785924841;0.9838625331991453;
1.0008016032064129;0.9863622835934871;0.9839791548153757;
1.0012024048096193;0.9864914885944901;0.984095776431606;
1.0016032064128257;0.986620693595493;0.9842123980478363;
1.002004008016032;0.986749898596496;0.9843290196640665;
1.0024048096192384;0.9868791035974989;0.9844456412802969;
1.0028056112224448;0.987008308598502;0.9845622628965272;
1.0032064128256513;0.9871375135995049;0.9846788845127574;
1.0036072144288577;0.9872667186005077;0.9847955061289877;
1.0040080160320641;0.9873959236015108;0.984912127745218;
1.0044088176352706;0.9875251286025137;0.9850287493614484;
1.004809619238477;0.9876543336035166;0.9851453709776786;
1.0052104208416834;0.9877835386045197;0.985261992593909;
1.0056112224448899;0.9879127436055226;0.9853786142101393;
1.006012024048096;0.9880419486065255;0.9854952358263696;
1.0064128256513025;0.9881711536075285;0.9856118574425998;
1.006813627254509;0.9883003586085315;0.9857284790588301;
1.0072144288577154;0.9884295636095345;0.9858451006750604;
1.0076152304609218;0.9885587686105374;0.9859617222912906;
1.0080160320641283;0.9886879736115404;0.986078343907521;
1.0084168336673347;0.9888171786125434;0.9861949655237514;
1.0088176352705411;0.9889463836135464;0.9863115871399817;
1.0092184368737476;0.9890755886145493;0.986428208756212;
1.009619238476954;0.9892047936155522;0.9865448303724422;
1.0100200400801602;0.9893339986165552;0.9866614519886725;
1.0104208416833667;0.9894632036175581;0.9867780736049028;
1.010821643286573;0.989592408618561;0.986894695221133;
1.0112224448897795;0.9897216136195641;0.9870113168373635;
1.011623246492986;0.989850818620567;0.9871279384535938;
1.0120240480961924;0.9899800236215699;0.9872445600698241;
1.0124248496993988;0.990109228622573;0.9873611816860544;
1.0128256513026053;0.9902384336235759;0.9874778033022847;
1.0132264529058117;0.990367638624579;0.9875944249185151;
1.0136272545090181;0.9904968436255819;0.9877110465347454;
1.0140280561122244;0.9906260486265848;0.9878276681509757;
1.0144288577154308;0.9907552536275878;0.9879442897672059;
1.0148296593186372;0.9908844586285906;0.9880609113834362;
1.0152304609218437;0.9910136636295936;0.9881775329996665;
1.01563126252505;0.9911428686305966;0.9882941546158968;
1.0160320641282565;0.9912720736315996;0.9884107762321271;
1.016432865731463;0.9914012786326025;0.9885273978483574;
1.0168336673346694;0.9915304836336055;0.9886440194645878;
1.0172344689378758;0.9916596886346085;0.9887606410808181;
1.0176352705410823;0.9917888936356114;0.9888772626970483;
1.0180360721442885;0.9919180986366143;0.9889938843132786;
1.018436873747495;0.9920473036376173;0.9891105059295089;
1.0188376753507014;0.9921765086386203;0.9892271275457392;
1.0192384769539078;0.9923057136396233;0.9893437491619694;
1.0196392785571142;0.9924349186406262;0.9894603707781998;
1.0200400801603207;0.9925641236416292;0.9895769923944301;
1.020440881763527;0.9926933286426322;0.9896936140106605;
1.0208416833667335;0.992822533643635;0.9898102356268907;
1.02124248496994;0.992951738644638;0.989926857243121;
1.0216432865731462;0.9930809436456409;0.9900434788593513;
1.0220440881763526;0.993210148646644;0.9901601004755816;
1.022444889779559;0.9933393536476469;0.9902767220918118;
1.0228456913827655;0.9934685586486498;0.9903933437080421;
1.023246492985972;0.9935977636496529;0.9905099653242725;
1.0236472945891784;0.9937269686506558;0.9906265869405028;
1.0240480961923848;0.9938561736516587;0.9907432085567331;
1.0244488977955912;0.9939853786526618;0.9908598301729634;
1.0248496993987977;0.9941145836536647;0.9909764517891938;
1.025250501002004;0.9942437886546678;0.9910930734054242;
1.0256513026052103;0.9943729936556706;0.9912096950216543;
1.0260521042084167;0.9945021986566736;0.9913263166378847;
1.0264529058116232;0.9946314036576765;0.991442938254115;
1.0268537074148296;0.9947606086586794;0.9915595598703453;
1.027254509018036;0.9948898136596824;0.9916761814865755;
1.0276553106212425;0.9950190186606854;0.9917928031028059;
1.028056112224449;0.9951482236616884;0.9919094247190362;
1.0284569138276554;0.9952774286626913;0.9920260463352665;
1.0288577154308618;0.9954066336636943;0.9921426679514969;
1.0292585170340682;0.9955358386646973;0.9922592895677271;
1.0296593186372744;0.9956650436657002;0.9923759111839574;
1.0300601202404809;0.9957942486667031;0.9924925328001877;
1.0304609218436873;0.9959234536677062;0.992609154416418;
1.0308617234468938;0.9960526586687091;0.9927257760326482;
1.0312625250501002;0.996181863669712;0.9928423976488786;
1.0316633266533066;0.9963110686707151;0.9929590192651089;
1.032064128256513;0.996440273671718;0.9930756408813393;
1.0324649298597195;0.996569478672721;0.9931922624975695;
1.032865731462926;0.9966986836737239;0.9933088841137998;
1.0332665330661324;0.9968278886747268;0.9934255057300301;
1.0336673346693386;0.9969570936757298;0.9935421273462604;
1.034068136272545;0.9970862986767328;0.9936587489624906;
1.0344689378757514;0.9972155036777357;0.9937753705787209;
1.0348697394789579;0.9973447086787387;0.9938919921949513;
1.0352705410821643;0.9974739136797417;0.9940086138111816;
1.0356713426853708;0.9976031186807447;0.9941252354274119;
1.0360721442885772;0.9977323236817476;0.9942418570436422;
1.0364729458917836;0.9978615286827506;0.9943584786598725;
1.03687374749499;0.9979907336837536;0.9944751002761028;
1.0372745490981963;0.9981199386847563;0.994591721892333;
1.0376753507014027;0.9982491436857593;0.9947083435085633;
1.0380761523046091;0.9983783486867623;0.9948249651247937;
1.0384769539078156;0.9985075536877653;0.9949415867410241;
1.038877755511022;0.9986367586887682;0.9950582083572543;
1.0392785571142285;0.9987659636897712;0.9951748299734846;
1.0396793587174349;0.9988951686907742;0.995291451589715;
1.0400801603206413;0.9990243736917772;0.9954080732059453;
1.0404809619238478;0.9991535786927801;0.9955246948221756;
1.0408817635270542;0.9992827836937831;0.9956413164384059;
1.0412825651302604;0.9994119886947861;0.9957579380546362;
1.0416833667334668;0.999541193695789;0.9958745596708665;
1.0420841683366733;0.999670398696792;0.9959911812870967;
1.0424849699398797;0.999799603697795;0.996107802903327;
1.0428857715430861;0.999928808698798;0.9962244245195574;
1.0432865731462926;1.0000580136998007;0.9963410461357877;
1.043687374749499;1.0001872187008038;0.9964576677520179;
1.0440881763527055;1.0003164237018067;0.9965742893682483;
1.044488977955912;1.0004456287028098;0.9966909109844786;
1.0448897795591183;1.0005748337038127;0.9968075326007089;
1.0452905811623245;1.0007040387048156;0.9969241542169391;
1.045691382765531;1.0008332437058187;0.9970407758331694;
1.0460921843687374;1.0009624487068216;0.9971573974493997;
1.0464929859719438;1.0010916537078245;0.9972740190656301;
1.0468937875751503;1.0012208587088276;0.9973906406818603;
1.0472945891783567;1.0013500637098305;0.9975072622980906;
1.0476953907815632;1.0014792687108334;0.997623883914321;
1.0480961923847696;1.0016084737118365;0.9977405055305513;
1.048496993987976;1.0017376787128394;0.9978571271467815;
1.0488977955911825;1.0018668837138425;0.9979737487630119;
1.0492985971943887;1.0019960887148451;0.9980903703792421;
1.049699398797595;1.0021252937158482;0.9982069919954725;
1.0501002004008015;1.0022544987168511;0.9983236136117027;
1.050501002004008;1.0023837037178542;0.998440235227933;
1.0509018036072144;1.0025129087188571;0.9985568568441634;
1.0513026052104208;1.00264211371986;0.9986734784603937;
1.0517034068136273;1.0027713187208631;0.998790100076624;
1.0521042084168337;1.002900523721866;0.9989067216928543;
1.0525050100200402;1.0030297287228689;0.9990233433090847;
1.0529058116232464;1.003158933723872;0.9991399649253149;
1.0533066132264528;1.0032881387248749;0.9992565865415453;
1.0537074148296592;1.0034173437258778;0.9993732081577755;
1.0541082164328657;1.0035465487268809;0.9994898297740058;
1.054509018036072;1.0036757537278838;0.9996064513902362;
1.0549098196392785;1.0038049587288866;0.9997230730064665;
1.055310621242485;1.0039341637298898;0.9998396946226967;
1.0557114228456914;1.0040633687308926;0.9999563162389271;
1.0561122244488979;1.0041925737318955;1.0000729378551574;
1.0565130260521043;1.0043217787328986;1.0001895594713877;
1.0569138276553105;1.0044509837339015;1.000306181087618;
1.057314629258517;1.0045801887349044;1.0004228027038482;
1.0577154308617234;1.0047093937359075;1.0005394243200785;
1.0581162324649298;1.0048385987369104;1.0006049172533171;
1.0585170340681362;1.0049678037379133;1.000665076165493;
1.0589178356713427;1.0050970087389164;1.0007252350776688;
1.0593186372745491;1.0052262137399193;1.0007853939898446;
1.0597194388777555;1.0053554187409222;1.0008455529020204;
1.060120240480962;1.0054846237419253;1.0009057118141962;
1.0605210420841684;1.0056138287429282;1.0009658707263718;
1.0609218436873746;1.005743033743931;1.0010260296385476;
1.061322645290581;1.005872238744934;1.0010861885507234;
1.0617234468937875;1.006001443745937;1.0011463474628992;
1.062124248496994;1.00613064874694;1.0012065063750748;
1.0625250501002004;1.0062598537479428;1.0012666652872508;
1.0629258517034068;1.006389058748946;1.0013268241994266;
1.0633266533066132;1.0065182637499488;1.0013869831116025;
1.0637274549098197;1.0066474687509517;1.001447142023778;
1.0641282565130261;1.0067289498042549;1.0015073009359539;
1.0645290581162326;1.0067710057405315;1.0015674598481297;
1.0649298597194388;1.006813061676808;1.0016276187603055;
1.0653306613226452;1.0068551176130847;1.001687777672481;
1.0657314629258516;1.0068971735493615;1.0017479365846569;
1.066132264529058;1.0069392294856379;1.0018080954968327;
1.0665330661322645;1.0069812854219145;1.0018682544090085;
1.066933867735471;1.007023341358191;1.0019284133211843;
1.0673346693386774;1.0070653972944676;1.0019885722333601;
1.0677354709418838;1.0071074532307442;1.002048731145536;
1.0681362725450902;1.0071495091670208;1.0021088900577118;
1.0685370741482965;1.0071915651032974;1.0021690489698873;
1.068937875751503;1.007233621039574;1.0022292078820632;
1.0693386773547093;1.0072756769758506;1.002289366794239;
1.0697394789579158;1.0073177329121272;1.0023495257064148;
1.0701402805611222;1.0073597888484038;1.0024096846185904;
1.0705410821643286;1.0074018447846802;1.0024698435307662;
1.070941883767535;1.0074439007209568;1.002530002442942;
1.0713426853707415;1.0074859566572334;1.002590161355118;
1.071743486973948;1.0075280125935102;1.0026503202672936;
1.0721442885771544;1.0075700685297866;1.0027104791794694;
1.0725450901803608;1.0076121244660632;1.0027706380916452;
1.072945891783567;1.00765418040234;1.002830797003821;
1.0733466933867735;1.0076962363386164;1.0028909559159969;
1.07374749498998;1.007738292274893;1.0029511148281725;
1.0741482965931863;1.0077803482111696;1.0030112737403483;
1.0745490981963928;1.0078224041474462;1.003071432652524;
1.0749498997995992;1.0078644600837228;1.0031315915646999;
1.0753507014028056;1.0079065160199994;1.0031917504768757;
1.075751503006012;1.007948571956276;1.0032519093890513;
1.0761523046092185;1.0079906278925526;1.003312068301227;
1.0765531062124247;1.0080326838288292;1.003372227213403;
1.0769539078156312;1.0080747397651058;1.0034323861255787;
1.0773547094188376;1.0081167957013824;1.0034925450377545;
1.077755511022044;1.008158851637659;1.0035527039499303;
1.0781563126252505;1.0082009075739353;1.0036128628621062;
1.078557114228457;1.0082429635102121;1.0036730217742817;
1.0789579158316633;1.0082850194464887;1.0037331806864576;
1.0793587174348698;1.0083270753827653;1.0037933395986334;
1.0797595190380762;1.0083691313190417;1.0038534985108092;
1.0801603206412826;1.0084111872553185;1.0039136574229848;
1.0805611222444889;1.008453243191595;1.0039738163351606;
1.0809619238476953;1.0084952991278715;1.0040339752473364;
1.0813627254509017;1.008537355064148;1.0040941341595122;
1.0817635270541082;1.0085794110004247;1.004154293071688;
1.0821643286573146;1.0086214669367013;1.0042144519838638;
1.082565130260521;1.0086635228729781;1.0042746108960396;
1.0829659318637275;1.0087055788092545;1.0043347698082155;
1.083366733466934;1.008747634745531;1.004394928720391;
1.0837675350701403;1.0087896906818077;1.0044550876325669;
1.0841683366733466;1.0088317466180843;1.0045152465447427;
1.084569138276553;1.0088738025543609;1.0045754054569185;
1.0849699398797594;1.0089158584906375;1.004635564369094;
1.0853707414829659;1.0089579144269138;1.00469572328127;
1.0857715430861723;1.0089999703631907;1.004755882193446;
1.0861723446893787;1.0090420262994673;1.0048160411056217;
1.0865731462925852;1.0090840822357439;1.0048762000177973;
1.0869739478957916;1.0091261381720205;1.0049363589299731;
1.087374749498998;1.0091681941082968;1.004996517842149;
1.0877755511022045;1.0092102500445734;1.0050566767543248;
1.088176352705411;1.00925230598085;1.0051168356665006;
1.0885771543086171;1.0092943619171266;1.0051769945786764;
1.0889779559118236;1.0093364178534032;1.0052371534908522;
1.08937875751503;1.0093784737896798;1.005297312403028;
1.0897795591182364;1.0094205297259566;1.0053574713152036;
1.0901803607214429;1.009462585662233;1.0054176302273792;
1.0905811623246493;1.0095046415985096;1.005477789139555;
1.0909819639278557;1.0095466975347862;1.0055379480517308;
1.0913827655310622;1.0095887534710628;1.0055981069639066;
1.0917835671342686;1.0096308094073394;1.0056582658760824;
1.0921843687374748;1.009672865343616;1.0057184247882582;
1.0925851703406813;1.0097149212798926;1.005778583700434;
1.0929859719438877;1.0097569772161692;1.0058387426126099;
1.0933867735470941;1.0097990331524458;1.0058989015247854;
1.0937875751503006;1.0098410890887224;1.0059590604369613;
1.094188376753507;1.009883145024999;1.006019219349137;
1.0945891783567134;1.0099252009612756;1.0060793782613129;
1.0949899799599199;1.0099672568975522;1.0061395371734885;
1.0953907815631263;1.0100093128338288;1.0061996960856645;
1.0957915831663327;1.0100513687701054;1.0062598549978403;
1.096192384769539;1.010093424706382;1.0063200139100161;
1.0965931863727454;1.0101354806426586;1.0063801728221917;
1.0969939879759518;1.0101775365789352;1.0064403317343675;
1.0973947895791583;1.0102195925152118;1.0065004906465433;
1.0977955911823647;1.0102616484514881;1.0065606495587192;
1.0981963927855711;1.0103037043877647;1.0066208084708947;
1.0985971943887776;1.0103457603240413;1.0066809673830706;
1.098997995991984;1.0103878162603182;1.0067411262952464;
1.0993987975951904;1.0104298721965947;1.0068012852074222;
1.0997995991983966;1.0104719281328711;1.006861444119598;
1.100200400801603;1.0105139840691477;1.0069216030317738;
1.1006012024048095;1.0105560400054245;1.0069817619439494;
1.101002004008016;1.010598095941701;1.0070419208561252;
1.1014028056112224;1.0106401518779775;1.007102079768301;
1.1018036072144288;1.010682207814254;1.0071622386804768;
1.1022044088176353;1.0107242637505305;1.0072223975926526;
1.1026052104208417;1.0107663196868073;1.0072825565048285;
1.1030060120240481;1.010808375623084;1.0073427154170043;
1.1034068136272546;1.0108504315593605;1.00740287432918;
1.103807615230461;1.010892487495637;1.0074630332413559;
1.1042084168336672;1.0109345434319135;1.0075231921535315;
1.1046092184368737;1.0109765993681903;1.0075833510657073;
1.10501002004008;1.0110186553044669;1.0076435099778829;
1.1054108216432865;1.0110607112407433;1.0077036688900587;
1.105811623246493;1.0111027671770199;1.0077638278022347;
1.1062124248496994;1.0111448231132965;1.0078239867144105;
1.1066132264529058;1.011186879049573;1.0078841456265861;
1.1070140280561123;1.0112289349858496;1.007944304538762;
1.1074148296593187;1.0112709909221265;1.0080044634509377;
1.107815631262525;1.0113130468584028;1.0080646223631136;
1.1082164328657313;1.0113551027946794;1.0081247812752892;
1.1086172344689378;1.011397158730956;1.008184940187465;
1.1090180360721442;1.0114392146672326;1.0082450990996408;
1.1094188376753507;1.0114812706035092;1.0083052580118166;
1.109819639278557;1.0115233265397858;1.0083654169239924;
1.1102204408817635;1.0115653824760624;1.0084255758361682;
1.11062124248497;1.011607438412339;1.008485734748344;
1.1110220440881764;1.0116494943486156;1.0085458936605198;
1.1114228456913828;1.0116915502848922;1.0086060525726954;
1.111823647294589;1.0117336062211688;1.0086662114848712;
1.1122244488977955;1.0117756621574454;1.008726370397047;
1.112625250501002;1.011817718093722;1.0087865293092229;
1.1130260521042084;1.0118597740299986;1.0088466882213987;
1.1134268537074148;1.0119018299662752;1.0089068471335745;
1.1138276553106212;1.0119438859025518;1.0089670060457503;
1.1142284569138277;1.0119859418388284;1.009027164957926;
1.114629258517034;1.0120279977751048;1.0090873238701017;
1.1150300601202405;1.0120700537113814;1.0091474827822775;
1.115430861723447;1.012112109647658;1.0092076416944533;
1.1158316633266532;1.0121541655839346;1.009267800606629;
1.1162324649298596;1.0121962215202114;1.0093279595188047;
1.116633266533066;1.0122382774564878;1.0093881184309805;
1.1170340681362725;1.0122803333927644;1.0094482773431563;
1.117434869739479;1.0123223893290412;1.0095084362553322;
1.1178356713426854;1.0123644452653175;1.009568595167508;
1.1182364729458918;1.0124065012015941;1.0096287540796838;
1.1186372745490982;1.0124485571378707;1.0096889129918596;
1.1190380761523047;1.0124906130741473;1.0097490719040354;
1.119438877755511;1.012532669010424;1.009809230816211;
1.1198396793587173;1.0125747249467005;1.0098693897283868;
1.1202404809619237;1.012616780882977;1.0099295486405626;
1.1206412825651302;1.0126588368192537;1.0099897075527384;
1.1210420841683366;1.0127008927555303;1.0100498664649142;
1.121442885771543;1.012742948691807;1.01011002537709;
1.1218436873747495;1.0127850046280835;1.0101701842892656;
1.122244488977956;1.01282706056436;1.0102303432014414;
1.1226452905811624;1.0128691165006367;1.0102905021136173;
1.1230460921843688;1.0129111724369133;1.010350661025793;
1.123446893787575;1.0129532283731897;1.0104108199379689;
1.1238476953907814;1.0129952843094663;1.0104709788501447;
1.1242484969939879;1.013037340245743;1.0105311377623203;
1.1246492985971943;1.0130793961820195;1.010591296674496;
1.1250501002004007;1.013121452118296;1.010651455586672;
1.1254509018036072;1.0131635080545727;1.0107116144988477;
1.1258517034068136;1.0132055639908493;1.0107717734110235;
1.12625250501002;1.0132476199271259;1.0108319323231993;
1.1266533066132265;1.0132896758634025;1.010892091235375;
1.127054108216433;1.013331731799679;1.0109522501475507;
1.1274549098196394;1.0133737877359557;1.0110124090597266;
1.1278557114228456;1.0134158436722323;1.0110725679719024;
1.128256513026052;1.0134578996085088;1.0111327268840782;
1.1286573146292584;1.0134999555447854;1.011192885796254;
1.1290581162324649;1.013542011481062;1.0112530447084296;
1.1294589178356713;1.0135840674173386;1.0113132036206054;
1.1298597194388778;1.0136261233536152;1.0113733625327812;
1.1302605210420842;1.0136681792898918;1.011433521444957;
1.1306613226452906;1.0137102352261684;1.0114936803571328;
1.1310621242484968;1.013752291162445;1.0115538392693086;
1.1314629258517033;1.0137943470987216;1.0116139981814845;
1.1318637274549097;1.0138364030349982;1.01167415709366;
1.1322645290581161;1.0138784589712748;1.0117343160058359;
1.1326653306613226;1.0139205149075514;1.0117944749180117;
1.133066132264529;1.013962570843828;1.0118546338301875;
1.1334669338677354;1.0140046267801046;1.0119147927423633;
1.1338677354709419;1.014046682716381;1.011974951654539;
1.1342685370741483;1.0140887386526576;1.0120351105667147;
1.1346693386773548;1.0141307945889344;1.0120952694788905;
1.1350701402805612;1.014172850525211;1.0121554283910663;
1.1354709418837674;1.0142149064614874;1.0122155873032421;
1.1358717434869738;1.014256962397764;1.012275746215418;
1.1362725450901803;1.0142990183340406;1.0123359051275937;
1.1366733466933867;1.0143410742703172;1.0123960640397693;
1.1370741482965931;1.0143831302065938;1.0124562229519452;
1.1374749498997996;1.0144251861428704;1.012516381864121;
1.137875751503006;1.014467242079147;1.0125765407762968;
1.1382765531062125;1.0145092980154236;1.0126366996884726;
1.1386773547094189;1.0145513539517002;1.0126968586006484;
1.139078156312625;1.0145934098879767;1.012757017512824;
1.1394789579158315;1.0146354658242533;1.0128171764249998;
1.139879759519038;1.01467752176053;1.0128773353371756;
1.1402805611222444;1.0147195776968063;1.0129374942493514;
1.1406813627254508;1.014761633633083;1.0129976531615272;
1.1410821643286573;1.0148036895693597;1.013057812073703;
1.1414829659318637;1.0148457455056363;1.0131179709858786;
1.1418837675350701;1.0148878014419127;1.0131781298980544;
1.1422845691382766;1.0149298573781893;1.0132382888102303;
1.142685370741483;1.014971913314466;1.013298447722406;
1.1430861723446895;1.0150139692507425;1.0133586066345819;
1.1434869739478957;1.015056025187019;1.0134187655467577;
1.143887775551102;1.0150980811232957;1.0134789244589335;
1.1442885771543085;1.0151401370595723;1.013539083371109;
1.144689378757515;1.0151821929958489;1.013599242283285;
1.1450901803607214;1.0152242489321255;1.0136594011954607;
1.1454909819639278;1.015266304868402;1.0137195601076365;
1.1458917835671343;1.0153083608046787;1.0137797190198123;
1.1462925851703407;1.0153504167409553;1.0138398779319882;
1.146693386773547;1.0153924726772319;1.0139000368441637;
1.1470941883767534;1.0154345286135085;1.0139601957563396;
1.1474949899799598;1.015476584549785;1.0140203546685154;
1.1478957915831662;1.0155186404860617;1.0140805135806912;
1.1482965931863727;1.0155606964223383;1.014140672492867;
1.148697394789579;1.0156027523586149;1.0142008314050428;
1.1490981963927855;1.0156448082948915;1.0142609903172186;
1.149498997995992;1.015686864231168;1.0143211492293944;
1.1498997995991984;1.0157289201674446;1.0143813081415702;
1.1503006012024048;1.0157709761037212;1.0144414670537458;
1.1507014028056113;1.0158130320399978;1.0145016259659216;
1.1511022044088175;1.0158550879762744;1.0145617848780975;
1.151503006012024;1.015897143912551;1.014621943790273;
1.1519038076152304;1.0159391998488274;1.0146821027024489;
1.1523046092184368;1.015981255785104;1.0147422616146247;
1.1527054108216432;1.0160233117213806;1.0148024205268005;
1.1531062124248497;1.0160653676576574;1.0148625794389763;
1.153507014028056;1.0161074235939338;1.014922738351152;
1.1539078156312625;1.0161494795302104;1.014982897263328;
1.154308617234469;1.016191535466487;1.0150430561755037;
1.1547094188376752;1.0162335914027636;1.0151032150876795;
1.1551102204408816;1.0162756473390402;1.0151633739998551;
1.155511022044088;1.0163177032753168;1.015223532912031;
1.1559118236472945;1.0163597592115934;1.0152836918242067;
1.156312625250501;1.01640181514787;1.0153438507363826;
1.1567134268537074;1.0164438710841466;1.0154040096485581;
1.1571142284569138;1.0164859270204232;1.015464168560734;
1.1575150300601202;1.0165279829566998;1.0155243274729098;
1.1579158316633267;1.0165700388929764;1.0155844863850856;
1.1583166332665331;1.016612094829253;1.0156446452972614;
1.1587174348697395;1.0166541507655293;1.0157048042094372;
1.1591182364729458;1.0166962067018062;1.015764963121613;
1.1595190380761522;1.0167382626380828;1.0158251220337888;
1.1599198396793586;1.0167803185743591;1.0158852809459646;
1.160320641282565;1.0168223745106357;1.0159454398581402;
1.1607214428857715;1.0168644304469123;1.016005598770316;
1.161122244488978;1.0169064863831891;1.0160657576824919;
1.1615230460921844;1.0169485423194655;1.0161259165946677;
1.1619238476953908;1.0169905982557421;1.0161860755068433;
1.1623246492985972;1.0170326541920187;1.016246234419019;
1.1627254509018035;1.0170747101282953;1.0163063933311949;
1.16312625250501;1.017116766064572;1.0163665522433707;
1.1635270541082163;1.0171588220008485;1.0164267111555465;
1.1639278557114228;1.017200877937125;1.0164868700677223;
1.1643286573146292;1.0172429338734017;1.0165470289798981;
1.1647294589178356;1.0172849898096783;1.016607187892074;
1.165130260521042;1.017327045745955;1.0166673468042495;
1.1655310621242485;1.0173691016822315;1.0167275057164253;
1.165931863727455;1.017411157618508;1.0167876646286012;
1.1663326653306614;1.0174532135547847;1.016847823540777;
1.1667334669338678;1.0174952694910613;1.0169079824529528;
1.167134268537074;1.0175373254273379;1.0169681413651284;
1.1675350701402805;1.0175793813636143;1.0170283002773042;
1.167935871743487;1.017621437299891;1.01708845918948;
1.1683366733466933;1.0176634932361677;1.0171486181016558;
1.1687374749498998;1.0177055491724443;1.0172087770138316;
1.1691382765531062;1.0177476051087206;1.0172689359260074;
1.1695390781563126;1.0177896610449972;1.0173290948381832;
1.169939879759519;1.017831716981274;1.0173892537503588;
1.1703406813627253;1.0178737729175504;1.0174494126625346;
1.1707414829659317;1.017915828853827;1.0175095715747104;
1.1711422845691382;1.0179578847901036;1.0175697304868863;
1.1715430861723446;1.0179999407263802;1.017629889399062;
1.171943887775551;1.0180419966626568;1.0176900483112379;
1.1723446893787575;1.0180840525989334;1.0177502072234135;
1.172745490981964;1.01812610853521;1.0178103661355893;
1.1731462925851703;1.0181681644714866;1.017870525047765;
1.1735470941883768;1.0182102204077632;1.017930683959941;
1.1739478957915832;1.0182522763440398;1.0179908428721167;
1.1743486973947896;1.0182943322803164;1.0180510017842925;
1.1747494989979959;1.018336388216593;1.0181111606964683;
1.1751503006012023;1.0183784441528696;1.018171319608644;
1.1755511022044087;1.0184205000891462;1.0182314785208197;
1.1759519038076152;1.0184625560254228;1.0182916374329956;
1.1763527054108216;1.0185046119616994;1.0183517963451714;
1.176753507014028;1.018546667897976;1.0184119552573472;
1.1771543086172345;1.0185887238342524;1.018472114169523;
1.177555110220441;1.0186307797705292;1.0185322730816986;
1.1779559118236473;1.0186728357068058;1.0185924319938746;
1.1783567134268536;1.0187148916430822;1.0186525909060502;
1.17875751503006;1.0187569475793588;1.018712749818226;
1.1791583166332664;1.0187990035156353;1.0187729087304018;
1.1795591182364729;1.018841059451912;1.0188330676425776;
1.1799599198396793;1.0188831153881888;1.0188831153881888;
1.1803607214428857;1.0189251713244651;1.0189251713244651;
1.1807615230460922;1.0189672272607417;1.0189672272607417;
1.1811623246492986;1.0190092831970183;1.0190092831970183;
1.181563126252505;1.019051339133295;1.019051339133295;
1.1819639278557115;1.0190933950695718;1.0190933950695718;
1.182364729458918;1.0191354510058481;1.0191354510058481;
1.1827655310621241;1.0191775069421247;1.0191775069421247;
1.1831663326653306;1.0192195628784013;1.0192195628784013;
1.183567134268537;1.019261618814678;1.019261618814678;
1.1839679358717434;1.0193036747509545;1.0193036747509545;
1.1843687374749499;1.019345730687231;1.019345730687231;
1.1847695390781563;1.0193877866235077;1.0193877866235077;
1.1851703406813627;1.0194298425597843;1.0194298425597843;
1.1855711422845692;1.0194718984960607;1.019471898496061;
1.1859719438877754;1.0195139544323375;1.0195139544323373;
1.1863727454909818;1.019556010368614;1.019556010368614;
1.1867735470941883;1.0195980663048907;1.0195980663048907;
1.1871743486973947;1.0196401222411673;1.0196401222411673;
1.1875751503006011;1.0196821781774437;1.0196821781774437;
1.1879759519038076;1.0197242341137203;1.0197242341137203;
1.188376753507014;1.0197662900499969;1.0197662900499969;
1.1887775551102204;1.0198083459862735;1.0198083459862735;
1.1891783567134269;1.0198504019225503;1.0198504019225503;
1.1895791583166333;1.0198924578588267;1.0198924578588267;
1.1899799599198397;1.0199345137951035;1.0199345137951032;
1.190380761523046;1.0199765697313798;1.0199765697313798;
1.1907815631262524;1.0200186256676564;1.0200186256676564;
1.1911823647294588;1.020060681603933;1.020060681603933;
1.1915831663326653;1.0201027375402096;1.0201027375402096;
1.1919839679358717;1.0201447934764862;1.0201447934764862;
1.1923847695390781;1.0201868494127628;1.0201868494127628;
1.1927855711422846;1.0202289053490394;1.0202289053490394;
1.193186372745491;1.0202709612853158;1.020270961285316;
1.1935871743486974;1.0203130172215926;1.0203130172215926;
1.1939879759519036;1.0203550731578692;1.0203550731578692;
1.19438877755511;1.0203971290941458;1.0203971290941458;
1.1947895791583165;1.0204391850304224;1.0204391850304224;
1.195190380761523;1.0204812409666988;1.0204812409666988;
1.1955911823647294;1.0205232969029754;1.0205232969029754;
1.1959919839679358;1.0205653528392522;1.020565352839252;
1.1963927855711423;1.0206074087755286;1.0206074087755286;
1.1967935871743487;1.0206494647118054;1.0206494647118054;
1.1971943887775551;1.020691520648082;1.0206915206480818;
1.1975951903807616;1.0207335765843586;1.0207335765843586;
1.197995991983968;1.020775632520635;1.020775632520635;
1.1983967935871742;1.0208176884569116;1.0208176884569116;
1.1987975951903806;1.0208597443931882;1.0208597443931882;
1.199198396793587;1.020901800329465;1.0209018003294648;
1.1995991983967935;1.0209438562657414;1.0209438562657414;
1.2;1.020985912202018;1.020985912202018;
